433672
263511
242251
213928
562533
515075
338767
396357
124627
450385
173923
159451
447487
440549
135894
20194
83401
70001
698936
161325
256103
775644
651148
444900
944376
528181
989353
90501
949114
270562
747604
425625
154423
900299
750001
917450
228412
743161
584976
788207
265008
648854
588439
72357
506268
917013
227519
419447
139837
2298
780289
191599
233934
372030
590786
279778
436110
311093
782600
588478
626904
807278
256750
990818
807811
72686
778677
441023
732353
632210
515710
135824
929111
361975
253543
26651
421507
306612
823186
978772
762464
83249
461692
739812
859979
240773
921903
123495
29522
822177
190639
911599
197191
514566
477079
965305
795695
100847
60998
102869
472055
86233
365637
604420
668227
170200
303914
337216
264499
579446
144931
154901
377309
777151
508955
307197
525215
972099
230834
711504
286850
118366
588304
752839
267276
709056
705277
796296
367877
586269
750384
369009
681558
147935
930113
979977
842809
354257
242702
239318
425658
738018
717960
694619
908309
585451
850935
354336
587187
570521
321839
820994
899217
564843
895703
575716
17774
354482
555792
680123
26526
294929
813358
251394
911133
770148
34331
661563
72051
7795
815259
694123
686279
946364
569419
902363
229233
792975
78465
622457
864405
95685
795869
581374
933344
120
670536
369069
328343
736592
326712
897537
333909
845309
897444
670968
863142
720947
386980
461321
308132
731612
103267
956350
408567
509840
555503
782262
436984
998461
443983
461109
698281
600368
222315
673865
949198
49276
649000
16707
168745
475758
475664
20100
507980
306673
173310
444533
101467
39237
564557
90005
586341
752654
769967
914190
66750
828522
755730
361227
862155
157028
445656
226323
721414
708375
173585
121102
792383
25569
258351
699586
132617
63625
385467
368596
306312
806273
981247
27707
112597
993667
984548
527078
590930
786629
284430
373059
901312
99090
541397
360736
957840
136616
371948
338641
284085
568676
306470
378274
758900
600292
244918
943414
782696
224981
945830
576009
585284
312151
776240
988352
765261
569984
124053
741991
654022
280355
729906
385262
57309
786317
701789
849049
785007
685644
157697
311387
942928
398885
804555
510462
1316
422224
294098
178450
126098
906052
439291
864452
502510
525919
292171
637712
799810
433622
10384
197974
744798
306501
124148
429136
793196
645972
597869
980854
686548
213186
845481
271196
879475
558082
529669
517828
914404
12246
360755
774905
121543
333484
959316
15967
259093
505971
89464
375629
973305
845772
865482
526278
805096
798340
762814
94869
723521
30358
115966
738887
66687
158612
515886
182035
63986
275296
473342
935172
336006
707127
759654
554820
326687
449964
619448
25230
450368
841148
492652
856120
755418
796374
106193
279292
228650
599557
907553
505206
24519
331265
233992
708162
420720
899548
612069
566472
536181
86957
789958
882446
38482
445360
850568
404830
418726
735417
60433
763323
286760
101851
372058
766473
129235
345107
405124
539973
425595
441488
141984
55071
995431
113378
677970
149866
658219
355396
287398
1207
475409
434402
8850
135209
776317
297085
730864
55442
295079
248796
368687
149170
325547
874397
691299
74229
828254
257177
478020
270755
28486
203910
999650
144766
982764
170687
446825
981724
706437
507370
117777
773528
769346
154476
414080
891792
469548
866614
272096
570565
29311
747455
610799
633834
392171
117374
448119
752615
234986
641434
310250
398304
857590
422675
477842
962108
751769
755159
401654
61226
291737
180930
562180
111036
627029
638206
289871
137226
420830
778566
81234
746381
114780
587941
928912
139779
169902
158379
413282
935657
852759
233956
497849
20587
786586
498893
186160
394729
145377
457036
982475
498133
934981
155007
927701
232776
634341
700621
105001
345262
563671
119619
341753
771290
206227
529655
40272
851477
402821
258798
44640
215388
898067
70407
431549
361840
346468
452088
158279
9689
913214
372307
279992
1891
859201
802307
332796
872436
289047
430067
316316
959528
354300
3228
26496
880461
917530
90716
834613
902541
170452
533673
912328
462416
276205
731712
784592
986955
838743
214025
897406
254175
436312
727165
122304
414287
561942
304728
433151
335888
944630
631504
921430
84581
406158
657564
786304
334839
556755
869241
515189
364764
260571
450406
142176
298478
372500
175589
934551
673343
668219
655474
644343
525328
265035
619684
414769
531787
604386
488716
714357
811215
937102
436584
273486
699905
698767
249907
505147
150115
991002
932777
351505
318342
68314
629246
511841
317494
704064
309270
671849
932792
163254
861498
521013
368914
372235
484690
414952
80367
96201
714226
278704
484406
910275
596328
806986
245427
116507
407422
199198
945853
243066
908457
167075
238352
212738
817807
16874
516562
491506
818667
696350
942473
744949
959369
323438
412219
965841
950357
78577
185564
885367
72500
51637
597702
343733
381918
905459
444024
145283
686857
660323
534880
523703
976133
444409
193418
91750
815747
542311
720250
63541
832655
169711
214019
851758
78867
671143
464998
590827
415892
691481
930843
555499
789190
404730
117631
999953
385682
41088
173010
125874
507051
646806
714913
369780
259479
789118
894871
41333
771455
69139
997482
988903
182886
415179
925101
608474
463751
187175
999098
802039
895829
127618
378848
28034
955920
265229
179090
211601
567430
227643
106537
445867
242912
964400
33509
23346
940580
417037
17806
344766
623343
546240
919569
866165
259884
313621
672553
384130
726794
403854
174330
629816
61923
556151
557344
763442
626252
25679
789905
575808
225401
654728
945625
984931
776594
58732
5720
473010
795326
380335
63293
462989
32644
674089
576540
497821
772437
668119
769138
998200
680847
884842
525811
788519
765982
569565
83350
730309
672972
763609
156421
324023
416238
864942
302040
427780
882971
61687
782491
206588
310132
796542
708707
161336
137150
643796
1298
138095
357486
225196
261832
302883
167244
384040
55535
30907
969024
321228
853064
146240
365248
436001
495966
607032
264052
646178
435235
595920
463012
500864
311609
317172
482706
838153
446276
451803
246898
291938
813246
845599
667266
853947
935303
8772
692132
763644
136133
766285
42220
23646
872286
152195
251810
126896
537957
814269
243110
32190
55364
525792
862575
604350
854226
168051
720494
255409
152542
794097
468605
234174
187406
93801
442255
362063
471248
549390
547273
601345
897507
587010
850395
21118
773961
780432
196370
751786
836923
897144
962114
972763
149726
805316
539502
499561
57694
475958
189377
518884
860190
200239
390033
679377
228531
313831
337103
997811
961098
785287
196550
354002
259456
945502
390162
482126
40823
739769
36952
146023
328586
318756
757746
162068
830069
874884
317935
180993
943896
427666
342842
849560
672574
948200
492227
489130
654629
828922
91941
220580
515040
743836
750182
372918
993439
979960
786047
635192
62343
379353
131934
910613
736527
606602
64843
37092
393147
578157
490721
54370
150488
20658
928695
362044
269538
214246
238597
877771
846321
987192
348734
807992
181397
312083
978562
371390
48071
50419
955610
606387
989581
637862
753725
451556
752467
591460
229709
988234
112079
269723
700588
282929
992913
858083
623031
796068
279458
96740
943034
325834
156443
967282
861380
580367
289795
890576
65098
671899
256654
380077
164602
385937
987507
799419
166335
455047
138897
647335
975187
304150
793027
581069
123620
598543
106059
277996
862950
3961
5504
951202
383006
856294
419600
99905
783525
867665
858816
366774
232712
482096
563156
373633
597342
854368
702317
782261
173803
54058
628829
622724
976309
905181
702197
159889
21026
606745
16086
655500
423513
123091
721626
649287
75398
944736
868047
521550
621561
930599
183341
381709
699604
998050
828727
326165
652296
612363
489793
965556
712111
797664
527770
168255
478158
730151
275034
345890
443715
364930
768427
541607
682141
446094
933407
930150
134078
458130
421175
470023
83282
782181
843427
723960
508632
79343
514492
589665
825906
940772
876132
338666
749751
326990
517190
731214
27769
724434
623631
591120
633864
89504
679189
221895
139636
590878
567646
214476
88196
107988
959279
994223
73271
541214
309691
60151
383059
86268
625620
751476
314347
700527
690862
405944
725370
522327
590552
875552
430459
789354
60517
376638
169415
428699
2294
921579
848171
768173
385959
43761
973631
927431
749968
853015
444703
603238
580284
422848
973688
900723
988126
959865
773959
2584
634100
349224
819361
211599
427275
530279
244957
966444
67183
205222
652012
962867
572303
991720
441780
131755
86876
146238
195810
961043
632378
1568
832128
523784
602218
639159
665413
384801
395348
814603
181824
664262
107035
330103
856312
15345
594697
449422
271168
886131
553375
989461
328274
188641
538923
16344
341328
343002
921678
536140
265231
720272
326547
586579
582611
784300
195703
248502
384521
171978
967269
245553
361299
141919
47387
424710
702485
687456
210194
750732
868844
745044
996832
862454
818456
59671
893633
391278
873680
161936
945850
419860
315368
23875
414264
477819
716009
948476
881483
203294
470100
421213
782679
845601
827975
857111
186124
332051
977371
426075
275688
703823
565129
513744
652258
527981
744341
261149
313225
135293
296445
66845
245735
157508
600725
794405
498050
485834
665747
191173
365531
692330
822867
623542
573498
138714
390151
988972
497676
664053
370706
639511
946209
734145
681893
391047
57450
595479
431426
130340
514225
332179
82052
11457
907051
826815
484006
848352
364656
594332
893431
844546
702738
561778
656390
387861
594277
756554
320955
552815
708373
33528
472259
934440
590687
166466
339380
95772
320605
414660
940774
364525
616587
969320
641835
855696
116095
858240
34802
310953
79907
305897
15882
994918
374148
122902
594796
232550
62443
963073
871158
377648
76036
407054
32602
82814
321652
405812
824426
78357
821270
939175
400427
241936
972440
797241
53904
486166
551385
871057
99669
450451
807378
46302
760347
358384
746934
169441
351677
803513
529901
42438
87836
712217
88592
766687
44731
129498
476004
711177
624841
64886
546460
838777
789780
190553
460269
136362
805743
508480
775347
765534
419906
449961
613184
370264
878588
687944
493972
911881
58894
14446
336856
800
699200
526875
169946
872701
584111
815630
696802
250837
411641
49160
86408
20986
80869
793496
288728
989802
378116
823149
925473
256062
938903
472136
325927
73081
563003
15745
28517
261705
405451
965152
235434
350618
364771
280551
523273
734944
115975
780951
378790
202260
276451
814945
990823
410159
989459
521289
50798
752794
567303
893637
988491
785947
515781
188039
571570
78146
770810
228789
541004
190855
589038
319177
850317
115159
7286
190158
958085
313190
156417
373105
573135
55569
506673
938177
482156
36468
491109
572573
554003
271660
188318
84673
908521
917770
638004
904800
577680
813656
847641
8482
663359
675118
281671
782046
175570
668508
593913
763103
639639
443457
223397
625454
115943
295875
284013
58874
252293
577074
573646
138791
803810
201274
968751
364213
787998
706093
479702
915859
662957
13581
687635
896570
227933
751216
841784
799092
437181
989434
210168
264989
542838
914198
714481
923305
722964
822170
763796
144871
32676
939261
6922
465332
59770
588625
452032
204710
869870
858732
782375
914935
593206
103969
997768
416344
83193
411189
379311
703348
288294
374738
166556
762917
723370
608449
651949
845884
936566
656808
942321
145602
236541
225625
410795
401094
731106
561514
638140
940832
956754
765414
462038
421831
658679
789452
370718
929855
45608
535563
346454
201706
494624
517091
115186
285034
681533
872583
58504
810303
515663
470908
484150
219319
392303
681216
690190
353699
412433
542584
729090
444863
622590
530684
492045
77125
706370
933697
82686
924206
399136
926677
886943
360550
317650
906741
774314
898140
508458
222221
684181
109361
417588
182804
227440
220969
733262
689144
346527
421817
219902
862651
75103
534428
601331
509755
66767
930035
856253
349629
164662
308696
969901
971141
746417
749385
159851
912041
94023
3538
701813
520352
450790
589866
863736
169969
152571
390730
998745
74139
589938
953802
986800
959239
13278
913670
671555
548275
318724
23918
561004
487443
569951
208188
271526
662945
565324
295532
830424
557513
400245
962136
793683
874486
928658
345075
170811
555640
305794
553769
904703
741798
775933
415567
337197
412171
200259
148749
742316
95810
25080
898671
462022
536708
726633
993503
935996
40338
441495
752098
477233
18905
528139
517851
339866
342848
454596
240150
377927
860982
754412
855114
527435
517286
814708
449160
663531
136765
66247
286761
510039
254556
149182
459949
839994
524255
116295
700679
251468
509394
485387
146715
702642
779848
54577
209478
869553
233464
875899
541084
154362
595275
388759
384536
821803
728100
896494
238795
441907
58851
62310
440786
762695
37718
933924
470155
112933
743193
528308
407940
885033
118014
928021
983306
742089
892196
431557
995322
267227
619788
928330
818475
446575
539187
319727
783056
776724
476046
873671
118916
410420
863272
706874
835414
741648
754337
138768
402512
242031
483321
564101
536808
237406
89488
247982
549858
381166
95944
572606
963948
286020
551003
13003
537621
278132
15688
480371
639114
528879
990472
456973
30306
200660
315977
711937
754585
142216
762785
275295
586220
750295
527975
357299
457953
738558
796902
100180
834161
67536
602783
350287
598812
37723
856464
12490
308175
367862
476856
385093
140248
458467
215615
969709
748052
891759
929852
621557
16850
726187
143007
657919
498926
428568
223561
303821
204035
942816
815192
290847
394783
54763
848220
100950
265764
576723
26522
538619
394340
238258
792880
95677
424400
170782
919707
320945
230249
282543
147279
8307
380420
521015
225483
482841
520248
486056
303237
401963
311865
114209
106314
929756
896118
744950
791369
27405
902644
135039
556675
433997
199979
653469
691119
73005
72717
654632
611120
214418
886037
389058
225526
461335
514361
991985
81559
783374
254423
595117
472582
218048
419699
368497
693651
747404
95150
351622
241061
538282
895800
222576
765467
964880
221938
977636
38093
609935
561859
174911
934703
753199
699383
102916
756236
154128
686246
438950
129039
491273
790750
939704
249010
889991
286231
270465
306933
754930
35473
143549
931549
83298
291056
204384
772991
626795
25779
174433
516836
528557
249763
755809
371643
942688
335499
359229
175182
381743
689332
712060
682826
738031
51353
877623
630499
979439
228578
14354
532962
756584
27641
136449
968628
576983
1424
301076
62677
398045
429472
988245
278869
567903
551563
473556
844410
235861
315311
492301
854114
701738
137432
7522
304502
335063
375680
462751
134134
376325
460167
124557
202341
469682
397799
324317
194442
287320
696307
759180
844478
903303
781517
236458
151243
330386
716642
461934
212478
399532
556668
961407
951094
396508
228870
508010
35977
559329
752464
679159
731004
612797
931973
498820
929481
517541
121662
101741
292116
588527
100964
334196
585558
442051
603562
51057
436055
699906
671212
757352
704524
797981
74456
408692
930669
479251
721448
853002
763268
221705
907711
628510
11144
235512
542533
14902
608379
435788
398092
560912
495979
59161
895394
86683
108638
969095
591955
850855
514644
454191
126477
950956
561122
398618
547939
514971
473133
698434
649085
365368
971159
705101
203890
299613
510644
991046
181112
788772
884569
463996
318967
597158
167617
433894
697920
841232
707289
999023
847488
422205
527606
474261
937435
729851
205076
88050
35920
30059
589995
886045
609527
956397
924798
924647
295502
349583
90632
921482
713704
449894
137337
276238
644698
488511
867814
241237
579408
230747
757335
658658
689822
200153
477082
287734
998735
449426
275616
30977
458617
344300
446521
712800
319977
454314
889250
929991
643691
652363
631853
598935
110268
952022
98129
613285
628810
712609
284178
615799
998052
48852
248504
815902
705323
319988
870277
569766
736605
419942
148816
308648
684213
40377
160479
117790
721607
435637
631419
997242
282479
914850
983388
860594
239824
379005
534322
845139
578834
488205
346985
914885
35141
207630
19801
212468
209521
702083
118743
971807
40807
258435
423950
660552
796259
67386
152784
357002
148287
707745
92163
296793
803364
129873
709115
186774
237733
20085
507872
746091
734869
279907
562116
889071
985405
41554
885040
541984
787387
899519
765589
632659
520174
610445
568809
907451
96358
323742
84897
677012
182935
447904
615842
588084
146327
853288
309108
294177
798822
640717
175306
339707
909565
89793
242668
890451
498047
542397
139491
959237
931230
978771
407795
140788
613248
612038
884695
380730
16968
791097
911670
676616
752577
209943
243945
521210
547356
850128
278251
789486
292016
338139
517560
618466
581481
82483
794429
390521
449
93025
52734
428485
885523
131430
15570
972556
282464
860175
191026
257898
695354
701266
760624
21624
360565
337071
791607
227989
291679
75127
209567
69284
973964
716525
776931
277071
982456
541811
697245
730465
883205
227221
863445
840520
453427
288376
837012
181970
655141
866145
96186
906809
19359
331468
365747
883324
187435
976818
466104
152964
949765
521084
409099
852741
719920
551165
919389
197045
773827
173618
898973
692469
638377
624848
404593
429391
540848
517818
312442
170806
155437
12553
339638
390012
98727
7283
315926
477511
765432
299771
543244
656857
173865
960046
9527
352170
103102
197186
947435
735352
608556
659602
476082
700537
573811
70083
16602
350150
98178
70352
776843
88799
500788
960742
24113
682087
912577
680656
194576
967267
339349
318626
873734
425310
557620
201490
907678
55905
60864
212367
169002
858229
167696
873210
662024
910503
440076
767443
936681
304968
376313
263421
497236
159270
251520
994135
631031
90769
132375
330944
592568
578028
280170
181137
465622
383887
307982
655637
834022
886257
110675
908857
231159
317250
111389
991807
117865
380686
599940
961030
21967
540559
972148
439248
200167
874984
256430
998799
403471
651327
573990
957692
47631
966194
468962
739926
556082
138755
126804
904130
417752
241691
691910
149783
336424
417573
810336
503045
374518
516927
283141
852935
609371
929580
797838
246281
865183
789352
102335
868484
200652
189135
343268
274182
892507
409792
827728
288266
264122
859339
43164
28017
303323
307698
877781
568533
436357
153477
853439
865709
119861
699580
319921
709581
198624
817805
424359
962377
71066
142700
326469
32694
758542
786885
725020
77278
581003
36451
621410
743105
172840
341586
945249
769850
106531
212220
684152
376700
280095
401649
828713
333967
908492
213230
703703
2591
257656
485192
462428
261257
205746
349697
497857
986076
483596
895561
80676
443557
660321
278298
156350
957185
48165
272966
280698
68087
633101
231564
542855
304829
493418
584311
234370
593095
213286
742191
226536
627076
646973
659636
697284
91447
887782
123917
307140
700267
954902
965669
857042
140202
198490
105335
360405
410676
866440
344516
913806
327635
733728
578945
498258
409052
825774
831276
243004
787355
590095
149131
572582
878974
813815
615310
329191
988667
771428
799829
778955
58580
939511
647232
66355
129902
158282
114974
360570
272509
303487
811384
401550
764572
329989
431327
603878
435000
472497
799725
393852
602272
357425
332538
62140
490789
352539
212679
112958
98477
203216
46204
850224
732902
753536
351202
431118
17754
788132
326254
417206
890377
746982
851382
145201
531277
602898
773781
258326
833352
793838
255036
234848
129974
352633
593130
658899
396149
866754
395855
793379
116899
816587
760395
127383
478202
531213
614513
813115
568330
58586
292902
796698
572036
926141
332928
327147
854032
958393
224920
70126
197355
368634
360623
635700
535564
689280
855387
983567
136415
407065
74657
166313
204167
206121
25423
944970
499718
287794
137691
448912
852888
933593
756698
808005
333395
667617
697434
162366
905726
327125
927842
984921
922258
99746
306753
472886
943320
245064
927553
92724
476129
973809
936799
288962
269468
674518
787893
879198
436894
935732
345083
326408
734799
400809
655173
519129
487
461334
990869
863022
651527
268947
324514
100499
916806
925166
715000
618208
936449
255410
691944
897366
299336
159377
838764
263443
554253
363144
768869
801516
298522
94810
325995
944859
42444
498091
62896
520597
377666
834453
17604
783305
196467
787246
258159
548592
147084
60513
50420
201652
828692
780333
842584
128551
463712
764462
690764
560058
118204
443907
563532
278479
70643
658540
700519
752433
143039
975551
972715
31617
416705
303123
25318
140971
473660
766273
647246
708964
651289
742257
446040
136112
970059
596856
845430
91826
594981
462849
796762
607656
994522
628047
226125
948815
581983
282505
718319
462490
132852
515137
805621
703371
250073
159393
473838
218966
332511
565814
421547
958035
473545
262667
487953
159829
633366
619634
575662
401936
955178
537809
605230
434964
209952
181093
116668
475009
692668
519584
518533
980952
68942
41957
798944
567966
910532
159348
954161
123445
338770
716285
766371
533178
359519
594872
771134
883650
111845
18953
485809
411063
651835
876731
484189
372436
108301
838652
80251
784999
265191
627711
336396
74018
159977
803945
891197
497478
297319
672384
656629
662413
804521
522033
112497
533820
664330
166661
164374
649940
105256
824719
995709
560030
50700
249210
400283
241403
314846
286145
824638
406931
355077
527755
774064
112579
837855
556001
451829
283087
159992
282252
765327
735268
90193
495855
69464
704378
345388
773041
145925
824017
130645
223037
188019
16976
436180
675981
740964
283017
306365
546839
324854
225965
966403
296119
922277
762307
741842
342428
923852
820363
701644
309259
407904
69829
415634
529131
488778
373141
947623
17974
70951
380063
577439
429291
482198
835597
955671
673256
135602
468306
839580
90434
546724
346159
416107
234773
549890
374744
659224
344962
182805
24665
788371
80644
612971
531321
337658
275863
464049
960037
334519
283960
957928
183857
880384
443251
479830
818482
672640
465880
695116
41841
291725
261654
566160
116388
463417
703555
720624
144807
928201
566570
789242
170773
201393
394635
48614
790272
192465
67921
866637
270719
590652
377133
546054
515171
646987
102885
399635
345103
64537
983904
423624
802548
136266
210603
366647
669660
840313
494258
95766
923579
981532
664891
378430
938130
779930
744821
319126
998709
189363
629965
581726
741553
539620
741771
973812
38426
677550
746772
229331
860214
539980
122426
883416
167245
27864
610306
435249
278031
670172
961901
955981
923610
737643
631641
867872
517878
531267
373858
814713
147574
311189
276402
461665
269360
644772
892921
340884
975088
55032
941825
815674
304622
508295
29504
733318
820949
293035
117818
471930
33840
680670
247253
724848
922025
500099
560793
683234
30310
199920
779462
708181
499672
174160
514527
852813
776246
396548
688338
336748
771418
134062
847364
354762
131361
103398
51180
833162
484242
405631
533437
873584
308465
959439
764177
935458
482774
239613
429974
445379
746389
11891
732122
358699
313726
11953
804748
550123
439032
60100
968489
820936
378208
998607
452419
877489
603947
311390
246257
182678
837690
132292
635355
998919
259643
998007
731030
442897
624317
177087
664610
90373
988547
632965
54506
645224
154796
204907
778969
676049
202213
627461
917095
656784
812651
133486
661442
621977
886975
355360
696964
41063
204133
115366
725905
86134
228234
966157
690219
630892
686201
684787
409146
536437
574856
560414
479185
226243
573166
287755
40898
489109
274939
253692
658247
619454
124283
659820
568027
754420
404610
662843
27539
443618
587316
477036
423564
624974
919450
802654
509636
350821
648441
942576
779026
412647
787513
248208
415152
495206
882356
460419
832456
954941
206547
611724
425951
348242
881349
647453
799682
885391
678307
871141
484809
556000
491381
791953
784729
927488
722929
324354
330804
628941
937479
908593
943047
63771
34771
149245
142861
140383
971432
841913
422096
258262
30220
734651
684762
346304
207119
206021
40268
778350
378992
852840
301724
833958
755500
700808
3680
707066
805398
826127
481401
920893
757087
244910
830435
874582
687992
252805
458538
173408
877626
442128
743759
352849
987834
778751
655562
301214
255228
765681
323303
253806
131040
246254
232854
454495
781816
388747
83023
974901
895747
99511
52687
800010
388307
216975
414276
978780
513081
111028
930598
173434
602476
747219
829307
761268
542058
327946
590103
362826
953631
882921
337476
957078
56391
296323
152788
63201
969496
251478
330512
908929
586613
838513
363459
250654
574070
896471
322022
789907
661975
764957
242939
824031
930423
569152
97067
981825
58754
236294
966274
959874
509797
554777
15592
929976
309443
332429
950150
425919
665261
801049
227647
922507
592059
190999
871664
268598
248
493318
774842
317119
516149
194051
484018
680760
21325
325747
801223
85394
974931
614751
900550
248084
626232
81240
516201
128912
964312
772219
934938
646866
426641
58323
877566
433655
356638
186397
972567
149728
32138
460675
219837
57906
870266
215923
434908
454396
372821
429395
337978
128760
328764
811879
96163
971829
434059
556823
929587
908125
182362
469694
176614
577216
400565
425367
383216
154036
351633
800040
227748
891185
862200
417235
145218
36768
17164
745821
228847
448881
131263
627764
517279
610945
662975
381624
593018
693838
885011
674224
715958
743038
685130
378967
159698
232003
720388
640107
304720
563448
716423
285681
142543
908989
11036
609548
991353
779231
240379
970281
108987
10216
60899
756684
264854
689955
144587
20464
792659
783758
275735
411915
575995
51647
76628
991669
536944
379080
558651
397251
183682
544603
862060
554209
555059
711280
773104
956702
817637
71227
957797
301705
520741
391786
412735
132057
862681
501548
622486
175382
63047
880539
353847
66938
704383
934110
912737
487826
927206
6224
12061
33313
730107
72425
253514
315581
473166
135759
475628
709087
419627
200840
111326
402779
388449
750523
853038
194510
43652
172761
935079
620630
839880
950989
15816
653846
738330
98811
323167
774778
615407
998120
917878
178768
84384
538889
199491
862980
900196
608475
611808
814493
399402
911307
11231
629895
119410
287982
916597
554493
311594
496843
71874
469277
507951
718780
493974
404406
987813
592281
752521
188510
656262
125913
116465
597109
762148
486443
644815
509795
607458
958080
986986
177616
406318
644060
685267
210915
954516
864687
380912
299472
76567
35734
671175
117909
841582
302737
345559
860678
523397
360309
599027
753559
331883
455222
519581
219231
918238
394761
7107
566901
171967
721105
400666
321580
729833
36821
492577
588034
45895
821971
772144
793562
621726
484093
741584
398819
68805
331641
344643
769812
352328
863096
481578
401893
602617
826147
422386
32892
940483
473512
328582
326157
78580
163817
854509
905767
119120
933526
812226
284252
408415
735412
397464
292676
863322
540616
711315
948414
85030
618356
379700
456984
671486
537833
485281
192300
170435
585738
869195
388955
218646
552346
970258
400026
909523
405067
490158
943608
481850
496506
821615
391326
625759
414907
507252
735037
667937
378150
232231
501683
720004
299640
718479
335998
809307
434644
592628
860568
532752
240598
211007
525624
864393
544865
102463
587713
871959
416332
498858
382635
333111
961645
706090
291595
748753
67459
809073
561890
632019
694082
51356
230329
837128
738161
38503
262371
615409
230665
151334
313899
461009
431072
900911
758426
30914
496262
983958
520666
561728
492929
782306
40494
879185
457072
231530
581394
818213
535299
148635
92981
247422
293821
613202
749215
411735
463792
954732
627350
94752
899888
820776
289436
647825
839739
358309
380139
955171
94653
194458
110568
816985
352842
268433
949819
455609
439487
911890
242661
617235
34844
819329
463452
315102
44193
400786
33461
314868
553567
972835
361231
938211
856162
155607
494974
930236
168947
153409
616226
570595
800835
496475
321054
91511
992320
616034
31257
191331
937499
782868
615796
786488
421056
726906
709380
860132
384392
275156
209716
892279
787418
102193
551473
710793
985672
975372
29097
301225
812789
388174
250795
625681
465459
602577
916565
787934
479143
337262
888833
752563
254528
323110
747418
