939049
523130
176374
959459
410828
243936
990410
127565
726640
437694
761431
914725
431207
81722
367069
587608
954373
20598
750057
462584
202530
518816
368817
153824
958964
603295
756292
128464
663744
479226
102825
592521
368554
115816
229761
228051
586812
325685
706931
572951
62122
89529
784272
845760
711865
314845
580704
924516
274920
486600
988395
944969
234272
314573
161738
658322
677590
502809
663590
957115
954920
564040
324798
191774
795990
531902
993136
183052
105506
798930
643681
875309
988208
347847
617248
149914
447947
714891
502069
200549
284053
377795
595640
899886
844890
89890
900065
339201
174356
522041
796245
207124
889546
666012
770413
447121
670457
191100
944152
126497
307722
378658
170530
982244
66278
429900
498039
255360
120822
295011
445550
892665
981700
260794
19974
939160
811389
679322
222056
904636
312860
503395
585412
349518
4209
693122
129277
624507
952461
115497
966740
330640
963133
687550
540881
934159
386025
191479
748436
717653
19453
19554
491437
966166
536724
233982
487756
858708
893817
143403
770899
966687
711653
703455
591148
179207
744411
210364
22567
964604
74960
606010
321708
412302
663077
556452
541342
569737
364652
569064
407343
855194
804524
504094
575255
832491
261541
844318
864760
583882
474024
209193
816117
95743
976291
350166
637223
957587
882733
102223
132134
70647
157456
547075
964371
807231
963278
55485
883618
257813
982567
896707
451288
121883
142603
286969
701456
244798
934893
727267
471943
589234
658522
926714
591872
648018
17542
968655
698062
324102
471307
79957
912094
548044
735738
43968
10233
584675
280914
812364
978125
252444
434481
771540
362887
583124
709957
198637
263390
265039
32782
28429
799385
217757
944647
20187
217354
103308
315077
218138
708490
238143
572600
265371
934767
758471
330120
437460
17963
762313
393605
418181
885498
740859
587533
228318
823107
210184
142621
832863
78634
145928
14064
119934
159461
267000
996780
758135
639727
684716
620860
70149
59118
841627
450156
681247
237061
998248
640690
862289
742172
36088
20272
561238
510503
117775
279056
453867
111544
27496
778209
354649
919432
236944
850714
698364
370002
157607
635309
357807
760945
214188
36093
774777
274274
177152
600028
934641
35146
904976
68768
364008
452272
772034
405935
20083
200840
595178
331730
292085
292625
578953
148414
488132
372858
433770
853631
67146
46250
415816
788080
767977
400181
553155
772916
847790
529728
288203
266130
529162
319187
50721
2879
669541
191913
652762
88555
636428
932065
244469
878760
594631
927929
468140
718940
641509
112863
630020
689957
607458
976891
192070
902781
271321
623129
644188
522236
78991
295587
1730
650494
73408
896399
519036
442941
991485
530031
240822
525039
409255
491269
638169
372521
250944
275432
438677
542890
412383
66174
884233
903468
368583
385645
205178
398753
998214
975930
148499
870253
216675
89264
382894
190335
995388
959352
669826
925800
999244
8132
286077
113209
439131
576964
244852
291343
421199
805083
662898
911950
877962
635149
743603
323518
212263
466622
823551
841131
36192
547739
149675
292147
2316
875624
849743
602348
796077
746826
199833
881254
366712
351794
856921
658165
678498
510186
602304
497062
888341
239913
82811
42726
133213
969944
259817
350563
339762
190120
163753
885149
805063
278321
239811
81373
15985
342945
629045
403589
288458
618319
717851
928189
938154
639239
327619
126779
539792
753390
72595
694803
224565
854193
513676
320254
177369
52149
478378
851385
55659
859769
430641
604209
640505
579418
140875
679085
562283
965056
798346
759976
744710
592421
477358
214910
792230
258162
342050
331158
762002
849381
485115
289811
980170
45282
975784
618465
458502
672090
277700
667270
683093
521960
665027
169163
790433
40114
567772
813395
292681
547972
437800
706603
671659
312023
629396
750513
834189
860495
493845
510550
791554
410467
80091
425207
561198
953524
49734
666667
72850
602821
497997
274519
139810
882494
726672
375751
681908
58169
699007
424856
904324
517125
133144
146130
461156
148686
830451
18422
373749
285495
966385
615736
165291
778596
291617
942649
768156
825991
773424
662999
284679
665281
916124
126056
918746
199835
367132
569908
374065
271493
758343
767459
716158
388568
374671
264029
302269
264510
48463
305423
804641
214382
511223
695800
31447
336451
333109
230479
373957
365166
13267
527367
459545
79441
364854
596599
93333
560210
926921
890814
676553
645008
953496
576692
995982
508361
191068
47646
55813
15879
486668
830813
101201
988216
555886
20243
542487
289348
170211
942826
129557
204166
299136
113015
299749
180678
979855
1134
804670
435073
865895
776501
587427
2643
505083
311535
108643
627461
176743
743886
910372
229297
787984
138128
416948
791890
733333
116074
744708
359172
360703
159415
543474
886571
616893
547209
791078
414474
303406
924764
333419
234037
328149
479297
778426
262215
622827
619386
202603
723146
545483
81382
717131
225912
82548
93374
816253
786373
881275
806655
379462
551091
409985
732390
364887
142240
207367
766159
736191
275350
337884
543412
93282
842579
787839
572781
586739
725542
749249
574128
617208
919852
424778
699568
629585
523621
502222
449586
472152
684094
146184
577585
985940
69238
601516
478533
124290
98347
942390
772197
243066
726179
133178
814299
984944
875647
935206
960795
51539
441756
483111
582499
26377
506951
551697
272949
431401
777774
824109
100216
782075
765889
592210
919219
592556
346344
181865
735559
201259
932457
198458
745338
573220
69822
314354
459439
209135
223265
396417
82527
698315
485933
623918
924180
960405
760165
807802
680894
389909
45552
742769
797715
427716
858340
981546
1857
141957
939048
582146
62455
167924
80054
404916
96363
748154
944653
830716
318591
563784
670532
230619
535753
33824
180856
176108
584256
232514
521059
676830
868137
479676
53537
848541
529027
515826
806852
248069
608042
103737
907966
242055
461011
696376
657471
923937
951767
108761
10020
971495
459953
373008
227187
880737
206792
93530
381782
143598
528455
858962
590673
305024
123457
261103
207426
851718
30034
484709
738636
161399
11701
312893
995108
881063
987932
527554
260296
553505
899123
965791
204750
174793
979690
852373
234336
237103
480613
900001
832156
742497
526528
478195
751771
148192
475236
325562
66080
56636
705530
47527
743754
529658
991370
773566
657148
310806
60617
877950
423832
733643
420597
414978
529307
558070
622521
758209
168596
575272
750898
61133
71339
928849
314224
157889
382994
41079
594688
408138
414790
350807
281735
901049
93591
170356
972323
42939
51818
447549
393596
332778
199434
547994
637568
227687
128914
981279
560569
628958
562752
726002
122360
270901
173570
431474
583262
354563
712601
756298
412372
748647
400743
564605
109681
461516
583908
52837
149876
352163
90935
171412
186787
408179
642438
8872
906703
508360
39132
889093
560570
113848
875528
766664
825496
726484
335302
632523
715993
600652
329062
595917
605452
786222
9644
152687
113501
877859
809330
391981
542343
935267
911170
929987
177302
601288
180302
139572
1648
623419
320149
322444
777638
954121
861953
738595
214127
542639
405045
908148
164397
863647
462928
337011
167395
533592
730299
82836
673981
719765
613829
292998
544501
75028
296544
227344
871001
656210
934871
228691
637
553652
14441
343542
185609
10094
276909
439715
379565
458284
479381
845119
262814
882460
404467
545107
868001
686439
986664
375766
892934
837117
550016
294412
178209
624554
199191
295784
114698
2429
661058
602324
460643
349033
690694
981370
806808
541006
64084
97980
541639
609599
599605
208504
586844
251025
643235
695329
608758
940763
817631
807153
891864
150358
938902
192190
774849
23139
380364
459747
270433
761221
641352
295378
535054
620927
168744
727819
25676
976092
450768
499287
772451
836147
789887
924602
821726
542906
969887
442262
229066
700578
432403
857584
161782
760290
8846
666181
764082
557386
875202
888059
821537
575183
727645
909138
961296
51189
585013
480225
748740
526489
226725
961618
240881
701168
412547
29215
276424
864257
79300
30329
54443
656751
572016
54244
134051
269555
807186
359491
151464
620022
20117
486497
409786
531201
53887
73072
73277
97413
742553
656223
11093
837869
664345
939952
360863
802068
540147
898730
461312
690871
73806
978281
510339
377201
620682
294685
489276
875366
354833
408982
154725
550652
50381
122843
472010
385421
128476
723509
440323
503498
632926
91180
876162
257146
19799
390051
430837
477924
771550
731852
774878
306906
675763
527803
930729
192016
798657
340432
550946
302959
109466
760948
887805
672402
547083
661848
588505
175657
566564
35908
320084
863500
597989
646255
758987
54648
348273
567281
866860
964806
333517
368167
762891
53701
570082
408940
662510
917539
956148
159513
888950
958938
435748
677367
6145
761748
239454
642315
667353
95577
240625
10248
710119
387235
168693
724721
688537
803845
855696
716906
37884
905390
216846
375259
500634
464031
613409
547859
298753
344789
361019
399980
951703
67400
379344
71731
262175
163689
175417
855239
32231
474359
538628
394482
879974
397548
860491
824093
27360
810079
625209
107045
104952
132830
952406
898955
801827
945167
974536
901013
267563
230864
571893
57760
390265
199587
886856
131543
224626
220907
363834
909782
27058
773504
669063
824892
62524
948937
809488
731417
469718
76735
438810
102558
660158
928317
806386
289980
828705
708316
943180
966652
466784
810150
64795
564320
817806
890827
495504
228146
66375
729294
809668
756354
427975
125037
617613
288179
877782
669515
542464
179718
249198
838484
257160
714266
640081
947041
670557
9741
160570
119830
757444
158678
339252
280005
338306
136534
592798
141682
423419
59416
584887
233695
147286
900360
426130
941257
19594
323922
784906
521724
795366
78696
361283
708348
581160
572207
995710
363374
459320
613884
278929
82661
842473
264389
473534
951328
207626
246824
349374
505633
857945
593423
601930
702266
426675
632711
9314
505257
470290
813891
847728
425670
660361
566118
568663
369480
198600
771785
114827
233182
12072
146590
960493
951788
452705
321752
244504
4320
997739
853794
778166
243899
139341
480411
776417
105865
517645
260835
560437
292358
924389
811032
666508
126808
168083
905300
8083
192310
855462
244339
537892
309496
928527
479694
64567
140135
174349
949579
205479
718273
426557
529322
697570
455640
791221
154958
367232
279420
108864
252848
352660
447433
952428
316824
549553
478880
889462
696927
715454
555996
318029
303653
278117
7057
879820
791341
362121
770118
120015
480435
706504
590383
248678
739706
83094
338723
355278
228673
412489
38952
227304
15404
776833
775574
456716
649601
716488
357682
848160
847152
662601
231560
118020
952322
427673
305867
669174
764104
787725
815463
326437
365404
452721
855873
177030
138044
209217
270418
733209
24988
912356
228526
631666
429735
135154
847156
673474
644748
286019
962961
916497
534926
965324
372281
717029
739292
25609
715600
478168
46245
498305
200732
243947
202525
64742
80691
803632
415350
984273
151887
619598
351700
17725
271226
557109
286685
890907
124610
420242
941270
157610
48477
560906
235839
886763
187808
326977
759152
251017
546752
980044
840736
60919
21151
641072
904804
726721
241614
85758
460705
224057
626552
196373
728847
893654
901503
197365
798716
1541
512437
62866
741617
568235
617404
515779
497100
291553
113239
202352
322268
241695
749130
641952
544799
233661
564869
3738
985121
306236
431632
454145
476565
146025
603296
387733
279653
797337
9170
341347
692636
693304
465011
199187
323571
619080
355925
397443
191831
717182
381140
981979
832978
368181
771266
386734
898636
672804
177759
551064
142564
143673
960306
338315
615116
69651
198605
114949
550530
632781
701902
869592
13049
463434
122234
433069
561116
559091
108056
233977
206205
958773
876910
674040
862654
178567
750681
814125
166826
647038
404489
831567
649226
627795
251932
981557
712867
943232
962054
3487
944089
571362
927650
77375
703488
942844
656710
527605
229123
809325
769461
342867
482219
15143
782350
688929
638864
65838
951149
815962
253438
798820
239324
39883
54164
290718
945796
27269
239307
32949
110775
268969
118151
255486
979884
292496
539559
121075
57444
438397
414588
833927
793648
130972
355914
763758
478627
800749
779018
855349
877007
902148
809341
475429
159114
766599
426186
519992
86014
292264
716407
421763
392839
88753
379827
458762
276696
636808
971523
434067
658683
35257
768500
536383
311973
68285
115733
976388
636837
675752
550035
487480
166204
765904
633317
386631
129013
31453
884414
91827
157748
286714
562521
556821
913787
17915
23359
475197
211656
78715
765592
31174
215853
848948
866917
237144
531132
233644
435480
300265
193847
271068
440304
685362
619721
944532
820648
379969
699243
219566
14222
885773
358039
8841
913313
480999
364642
459137
766933
833260
169898
753775
305391
460156
902837
610890
17099
243573
353165
691272
650822
703011
504482
902467
490300
432704
623723
697693
440466
633714
870227
661793
73201
441808
498976
140187
62693
885301
333598
73173
77886
617954
80575
782622
360320
663679
511629
412787
499246
771145
416930
647744
244904
975937
93509
259622
948354
105594
888423
494692
731983
73552
441721
407184
958992
817614
561136
178137
580489
526659
70324
626724
100978
359446
430364
122564
402939
649241
915073
469267
311119
273746
973075
140001
183224
556725
836167
257560
410212
514975
863370
499483
666687
312387
727956
340925
439060
178159
217037
399177
153346
348229
576527
496279
616791
676081
968868
816938
37751
491189
824285
868785
598634
47308
631902
623892
116020
49829
928939
840690
63322
405704
527861
654659
876401
384846
717923
905597
337475
501310
18455
348847
820670
241100
246676
612806
477469
450357
166535
36577
191873
277638
337755
158591
434542
169723
612853
370338
621167
327576
707939
999318
565365
667568
691351
744803
860434
329399
251851
43359
192514
673218
283240
880282
421496
71206
731699
567
795399
406088
382951
324913
156277
627760
206564
417557
135984
502219
848575
48568
305471
289962
763374
567894
194180
811635
533612
232729
417336
720425
48218
736876
496327
993141
465213
89114
998989
840545
270350
355001
860403
356253
553399
474225
995704
837004
16925
826028
679745
191752
220188
861352
660697
690275
403070
763602
271389
728406
139186
127203
247365
993094
181460
860196
506840
152233
422333
400914
167138
800304
693816
599469
780603
454266
853393
16670
379133
227904
896286
156981
224528
21445
131072
246616
267092
62357
106124
112509
322036
451776
626119
121916
776656
757166
980775
983971
443448
154879
734321
752689
107172
584513
877240
661494
771287
924890
209370
24387
754755
481795
678718
386280
50260
457127
140465
367014
710326
716299
287559
303040
282434
433118
247650
248852
921417
906512
824469
436627
861949
934496
785557
176103
742695
630491
707982
13616
338043
497793
460548
569397
867226
590746
147217
141117
958146
640171
535888
845097
924600
657395
597718
194104
115116
237129
183126
538616
619125
423045
679452
532346
558281
335680
203731
268491
470803
898170
590809
737097
856559
88872
219930
283112
370014
934685
159654
838883
839612
130804
835347
676479
734759
940261
835832
286833
509490
522091
715281
923540
723200
309668
496825
812118
405976
791328
827391
659592
711530
942564
98444
352654
196195
551923
674401
177880
646403
81262
567208
277935
579586
770135
323200
385204
753911
163204
749863
733664
581474
184527
472617
95923
17948
482988
803565
625690
410455
982544
988585
206426
203729
775404
220090
309949
955168
668314
479732
445090
681213
247928
383983
344846
380105
422580
754831
414774
213206
879731
554378
443658
125332
681714
827691
470864
668372
951128
544436
737983
353463
141129
295811
804028
175341
119061
141009
478988
223136
414358
874363
749124
846241
373850
92617
690809
467663
11385
228663
451924
472482
117138
547683
148759
872109
75269
510292
252368
880969
886982
550483
423929
2502
457711
273952
679939
218107
372012
378374
793452
135392
719031
807547
520841
544218
191083
496718
272095
489772
963049
232524
111113
873585
609313
320127
831273
681614
440780
816499
398923
910699
934860
103327
396134
254195
295849
885533
681718
461021
399289
207
442923
624635
431286
699236
489906
654372
988295
322991
759373
754014
36361
878037
196735
226308
926782
579374
188513
375923
103437
257306
945235
744270
335176
722308
625148
133101
323249
266183
150512
864464
24890
453643
260458
152914
322297
923591
866863
779138
130013
275450
888700
690468
653094
624615
309877
761017
425544
52660
241679
240489
335977
478961
677637
796785
98319
675793
901005
876656
882323
889760
415868
344874
231315
428092
245961
497402
161449
887120
998017
562560
704486
758494
875144
89004
569665
956085
257273
574953
602791
711009
812027
862447
990800
326914
688687
292143
460738
187060
328864
304482
202353
367462
934335
189164
810352
511875
475556
704879
489952
373905
825416
210186
272143
87768
491356
970073
500496
957247
943781
650141
966569
712011
2663
312776
749175
54736
240643
57600
216006
311343
681952
157135
482870
860769
414671
359627
974671
356344
19693
4678
556486
461279
606038
102855
842748
201183
533471
982268
886814
821512
286587
176500
123362
366888
651843
54258
394068
770404
732713
180219
264711
630879
89732
726885
305043
669089
801358
864628
779532
163281
623192
759778
727720
993067
546991
573055
751024
586907
360016
276307
281824
715058
585277
858313
564987
48156
112811
709391
753501
460140
557921
629842
439696
13192
555517
76245
328976
963929
965975
850395
400285
953121
623148
817663
181880
181123
863347
70950
308684
426469
720384
540500
567335
595583
226428
567753
418728
428621
559187
421180
620523
359718
181264
603111
421718
756571
328271
562327
447824
192906
203026
448625
587312
176656
109160
157275
964737
577153
222744
420922
50727
424295
971024
852605
991272
957281
794138
137195
349710
124872
207538
146560
41457
976651
153031
792721
509552
95428
59805
811094
361554
179972
792642
199198
691738
382199
113232
848730
437066
91362
549842
467386
87742
156848
405680
348043
898321
215361
660024
401373
767469
965432
873338
350906
389768
879685
164748
910834
965320
339042
719943
515267
211474
658495
613665
399848
39613
386988
658076
177220
867254
578947
400774
984013
997726
299264
176350
429727
60749
622848
535730
702948
307640
22566
612314
943561
503735
384231
110999
486210
745305
428906
345824
652808
239320
135351
193895
928892
51474
200649
323041
848961
580192
699527
835493
376550
48994
530093
814041
932152
93090
227685
147678
708627
161640
591312
866210
831492
695056
771489
524908
407752
354306
136106
891616
864128
713304
43853
573090
173571
819497
988856
83147
481870
359644
434580
561367
677999
912481
942616
569080
840922
970305
578133
818722
827818
810047
705696
303217
37069
864522
998441
936212
376608
661768
805782
705389
485514
482774
324652
860502
629702
4888
94107
978806
582003
505291
109244
613877
669530
534555
785384
638819
594143
182198
10371
537775
829927
48480
530536
356871
433705
622565
70972
212220
971545
468562
30207
815635
801562
234984
212141
699624
446896
153628
976647
667994
191306
327827
74771
920314
847541
105798
614276
573839
304675
783591
454767
373353
646810
33501
661142
549393
762770
717990
657748
2248
725342
817501
110835
666346
781027
623652
196254
345979
39266
639822
827319
622976
839766
234028
855430
731251
481094
572305
843869
549574
259767
9132
215289
593109
701524
72629
332037
805708
685672
752641
444403
964199
887647
433595
512527
868991
271191
510900
978844
958396
819332
185663
105080
721320
97312
886134
371568
372227
890938
69112
525693
919514
995997
209369
508354
440682
90881
692279
547610
76194
50902
422176
826494
32192
525228
773023
819539
772184
899031
208188
91090
435106
865342
455880
961667
583994
533238
493595
178182
703176
819181
606241
894
232604
411353
416238
632267
693352
690363
88182
112083
104940
210928
242034
233910
386675
755498
509617
522391
132363
927800
882164
656342
700745
997877
243656
895782
834138
82190
309693
284543
225908
143379
26689
486659
75693
501444
141292
86779
656701
270893
958060
393837
232675
617625
847980
854125
791033
30369
25008
245768
914976
458509
614033
683962
982398
394845
265490
679233
314697
828507
934689
373975
748289
331881
453451
505477
274852
115804
555584
590931
596633
538386
247751
348796
141405
617910
163197
248162
841859
896415
582643
545807
222267
694746
958333
716223
998491
9361
122028
829271
812216
173802
281039
740610
217863
20428
17560
228074
884082
127032
343495
16233
66135
723487
615214
654570
793013
243924
480366
891043
784642
747060
525335
665703
815443
592663
582299
685931
255782
860227
663984
688714
816402
487554
243128
870080
501640
67218
842707
656065
913034
400081
610060
218341
556947
891676
183867
361777
156333
924642
766059
285659
528725
921797
87464
371413
645146
400847
465683
525433
36665
804727
991369
554140
183682
671376
955650
693790
216173
316649
379335
799848
647817
789247
999234
291009
766977
936111
143755
9990
684243
710343
86538
355015
717546
608014
901694
871187
205855
904985
461308
952837
619111
98467
758368
562394
606853
445599
401314
622437
924581
924850
404730
273032
870809
8204
240741
23781
907913
923031
493663
564526
684997
719770
522793
211796
224571
976638
776903
112812
814775
722086
649389
123430
732635
906665
96666
909664
402838
997812
894898
647673
534489
699659
41883
613897
357610
243293
88269
333897
408341
49856
591142
168698
715755
381069
592323
752645
992886
58398
324961
446659
246912
490722
825764
554978
272928
625771
222176
700891
321711
62443
374896
654589
94178
612470
261542
343306
588763
652390
62192
176116
645364
372562
459006
772986
424887
785451
811773
266483
174104
10121
538812
292579
964702
358425
199093
434299
65760
215331
870458
938698
740640
25292
168741
407911
122455
526691
339920
274434
266225
782502
782665
674763
312318
985703
626896
57727
898986
932882
241830
446772
455798
908117
758429
855299
902724
463391
863557
494210
648275
658252
488557
197962
414176
737778
55806
643422
375675
91388
723604
736050
584049
349530
548250
304665
911660
502939
736832
456592
193982
256117
476972
787718
293141
445629
350598
309062
678005
907595
704986
818926
124321
643385
797096
962233
783287
804762
463653
22467
474828
827480
40111
610778
188770
575608
234835
310138
397969
614243
475769
749094
566292
395490
589256
198192
875667
609395
944737
828216
111746
810527
697761
191129
125453
1911
488730
230021
772343
116851
374056
695808
340572
238939
594844
704600
526160
734583
192729
266109
940891
307269
140093
745802
429737
584377
124885
844108
656452
4013
73066
799620
69842
863536
683189
825932
938747
972837
73162
401865
346597
600263
409969
481616
786252
214499
683322
405599
13125
563528
920572
975438
349604
2201
311882
558037
219788
984001
272304
893757
793696
239465
341654
482119
101369
377833
860286
73403
55528
620714
380375
72639
809157
365760
806965
737513
921315
77704
886341
374274
636574
369261
866116
45701
41389
80271
472571
577184
914222
307913
347746
278484
198245
782241
242898
147303
741366
746637
627904
465730
710629
639421
88108
308249
493909
583625
363699
652988
701752
68370
770576
645095
388099
765312
902419
968008
362809
67808
748587
523127
360224
755181
938146
13892
261094
123720
876389
209408
968596
792022
665568
225570
260968
407450
214518
277228
377973
85054
716098
177290
879843
95334
81280
976419
714494
280527
676870
395684
470952
402537
5299
632362
167872
943196
442152
248550
52370
165874
241214
908989
67317
766451
758744
257296
985400
100956
225839
134620
675341
45393
305383
568771
402353
40168
427852
370949
67955
106759
634446
70153
803369
857418
408677
413249
606793
843554
39580
692259
423761
527872
278441
972243
890888
64389
437305
454988
514828
86518
49732
604986
909345
500986
877590
337999
967012
48462
148860
457135
557712
201694
988608
658491
528009
735625
956197
495915
850025
155065
16287
953837
873079
372430
832231
903553
914964
378340
24259
382315
56323
209001
354466
255789
848106
907715
343469
703385
816442
491451
178852
174957
846473
490348
613063
381655
315165
54673
888890
195716
152792
944055
918171
360185
830058
920541
315688
121973
906258
231280
944146
770235
672908
332227
643612
221883
272579
868816
106823
400201
182933
442910
471381
215644
149981
720328
309632
963165
71815
149334
64607
419499
402842
159680
222496
897976
748278
434010
533897
70487
813297
858854
422701
734548
338204
214820
751220
730282
366038
278275
345381
208641
641533
817556
576820
664923
422332
471177
306661
195934
74198
647851
95186
419243
907712
640174
790233
790055
578476
242887
509982
977248
862738
263089
692787
502477
896057
542975
850860
10652
415436
513112
82914
587829
857731
952441
668738
191811
133060
254317
442115
462497
60832
736633
939665
579172
756733
656447
294116
931230
489390
62841
564493
765590
873839
146039
572817
615685
555071
670216
184448
99156
72872
72001
863976
518169
852810
638924
894323
840768
78690
732324
755985
27785
733578
130562
597306
804071
174822
572343
531221
526576
45400
713656
636082
300008
880965
89465
275894
518433
857867
96142
347698
852740
666527
54676
154310
674126
835745
298024
477031
640755
895726
802145
619939
579515
272090
359058
992309
19942
626883
494269
412737
73660
992607
264212
702123
979697
923708
133467
475597
254530
874097
577403
518260
262699
890690
644246
388447
623104
841866
674757
527795
953447
606830
536630
189569
433475
142212
61450
547712
556412
131174
727828
674926
284536
648451
134871
189222
428360
737455
283344
179231
709389
692187
145866
311087
969780
60682
48636
182565
51779
757954
365857
188091
626419
201381
798847
884238
421915
252439
308964
806674
270965
992825
757980
639897
517167
39894
113270
44087
292218
204362
967352
429346
393703
821910
922152
936309
527454
337703
263481
170142
225841
407210
498234
949600
259256
767727
28739
476830
230467
122301
687804
935704
872733
616422
630105
731049
732471
504269
13835
682002
819587
739506
551028
29327
967440
732847
915921
350016
360318
433438
841552
119663
455627
231487
460126
40328
966333
403503
911045
478504
811658
99255
450148
840558
420849
511518
41512
887052
823385
12925
619316
832817
612596
912951
924305
371687
246349
925367
579554
9373
706825
481618
580393
929312
720915
118066
731594
342020
414265
820595
895477
378598
968315
584072
287604
703636
452891
300013
886455
268091
596997
861513
591441
328315
539274
130162
991935
274253
185957
723613
645490
820246
532763
700261
831322
414623
26108
598202
765973
211140
816709
55213
821595
540613
475204
863068
350266
957331
513058
872941
772046
313048
953662
724213
948114
846175
773173
284332
354608
381300
948073
274424
495021
870365
513098
458037
423474
601363
378624
174714
99655
496975
935553
797743
116761
855072
51782
324653
761618
994860
147712
903352
804991
191884
154180
920504
967009
448757
896482
460422
555859
161164
447578
891126
788518
484103
376453
418905
996016
757053
612906
588919
741764
289089
880028
696315
52633
137417
987606
503491
97801
522573
36279
411397
103745
793753
295907
278205
963843
373363
525012
294770
493406
312386
159931
402887
372917
146831
311273
921096
778812
350798
806315
834846
86534
624068
915847
194223
725377
962082
695355
688336
440802
38002
927811
226973
700185
858142
55856
157294
39399
4193
609035
610590
648778
62936
507481
878086
524746
470629
556238
512365
140668
78434
760266
663116
124251
132111
639124
482192
774259
416775
11506
75858
224444
359744
933012
632599
749492
462285
734675
795525
983877
591491
969194
36
558884
90533
434947
522103
517069
261646
352043
104604
953757
505060
45571
433622
688431
66635
316147
883223
905450
465545
352472
205863
904338
881729
639666
491631
9325
745986
787696
866876
631332
247140
911089
467723
748868
60144
50211
599053
866032
311113
10772
343930
992747
238056
782912
371207
360728
980037
132973
290266
752131
591152
632879
539148
928731
541645
949043
946172
409843
201508
712514
371845
15557
901722
830670
950083
945902
85375
570372
572541
792178
789966
285291
127264
907422
579060
478795
723192
954773
129439
350870
429716
915039
49432
253958
497333
230177
339503
490052
931286
310005
93755
937377
941945
676974
544916
582401
458481
785297
419897
941984
787703
703572
779134
523435
619970
950412
636748
200965
616404
247979
450514
123621
235156
790651
302215
48337
486238
190260
121052
963866
620815
808175
645560
833605
628859
545873
357576
179393
557507
437848
584876
844865
181443
797670
37510
439695
903576
188638
615032
572978
766332
823218
65715
914989
767108
836705
416443
941471
60805
537442
992753
414116
288302
523100
376341
316521
196257
590130
887991
227769
39351
746672
501484
200754
477063
825162
252114
235421
440157
114035
662170
622588
873309
84999
415172
377989
815944
307862
327645
215067
598447
999986
480016
182535
817945
593161
515429
572317
118746
626513
461120
582174
817640
838306
204663
382138
289894
900847
52238
533051
430302
258597
389621
933348
890180
294660
363688
754425
98554
49851
787005
735810
547319
67774
695259
590995
745524
580952
882376
233997
175413
163916
915236
928615
345495
792004
612765
640226
295115
834734
70432
88088
282417
328038
95885
453029
88808
737505
889956
696534
850323
954016
132081
142680
487799
616189
367915
950110
651676
677529
947189
154678
42898
437501
299328
496085
876545
596943
154204
571092
823626
713355
766653
318479
675436
539699
625287
735781
917455
637013
22729
747167
436272
133014
185059
372528
464594
256685
388335
963900
123375
549403
845931
624656
599307
792678
302403
267916
39804
138316
172553
466129
636709
300601
740392
678835
168938
996782
380975
760994
566184
988045
568101
348703
154303
725530
841873
883006
720087
511158
648491
949757
711123
265238
432601
711166
663727
936148
346863
984965
220299
674382
449170
479782
200453
984054
603388
569639
639275
525967
369305
637848
469312
388936
962977
90925
743864
785560
778279
762806
247350
85857
988887
593898
439114
202689
921202
754589
293322
142100
246179
74258
494432
410011
637007
223926
16210
473148
11625
755622
33441
217154
891174
200167
701393
797884
373122
833371
987087
402594
978554
335792
249055
336024
179181
789483
195902
646162
739505
278564
503993
882109
283159
683741
506375
989713
406571
149438
272433
866263
698101
717650
477056
906278
725305
855296
936113
263508
580307
590050
806401
836166
252743
275426
415800
291151
383703
343613
421082
938435
818728
651992
908828
884209
557521
378445
942695
784606
82331
607577
189401
176298
439242
998302
703873
58791
595674
349730
851109
591565
560632
983249
606648
423342
938900
766285
65257
115424
30527
582778
353461
360504
434960
710071
194338
243151
101390
66726
537225
602353
566723
155675
809327
929570
575586
531904
769937
960169
353747
83591
437197
971461
857732
170224
83344
360491
413462
288522
960450
101673
810275
236264
767516
641130
715001
401240
828769
897793
32788
900563
794242
759242
906985
17288
669621
839691
910242
760879
485305
81330
39093
451481
377450
878593
138692
725028
694391
864629
132982
86042
106959
631151
903455
915931
60732
508697
138656
675029
968156
687848
87858
870534
400766
488187
631359
796377
547845
267407
490056
41620
144034
41323
410324
383347
159141
77437
941841
781119
842083
10345
657106
769759
43594
71925
599472
41647
279178
972853
147777
575519
995039
401191
540408
862393
978169
16102
493692
957783
46783
44708
837820
660595
296358
373013
737355
404463
129512
833216
567263
971973
660864
771652
960964
474107
934821
601037
654892
217986
211887
183271
483586
681186
118402
327237
820256
726119
746143
787940
568054
809819
719431
147455
275507
276754
160497
351625
210720
754296
494319
821603
360159
171025
211539
387010
697665
887178
931087
228342
38078
375459
989919
416616
2538
655866
672287
516003
821137
499051
247284
382395
398130
415455
623052
999980
986202
866194
364117
301043
414506
739135
80970
718648
466994
933725
766109
303910
406228
455288
660611
306351
739020
572178
187502
79675
396668
777488
257059
949057
30210
300322
89020
142993
982445
548862
756396
140880
679086
381465
691365
544697
766804
356156
538014
782784
951436
921979
648154
603192
407462
230331
901935
76362
275795
620902
210151
510955
197934
87995
995532
954403
724144
566641
664651
526444
934397
154322
516834
334573
513634
653455
518949
602297
841460
869550
751211
979337
992293
340468
386553
311985
315013
235814
151
988345
397852
741340
401726
771429
187352
196505
200701
931315
479064
709355
746565
913896
31592
528114
912617
296585
526827
650466
559815
422211
547548
696075
835208
346893
989912
750077
461646
431693
938884
672512
287321
439788
367883
815913
306307
829677
54320
92159
318925
968983
395576
807701
786907
440866
625511
907851
129327
114111
355042
785029
647373
307940
726073
613111
361669
376173
578501
484871
495598
309445
249661
59826
460803
687945
170021
513905
107094
777767
787812
22315
156408
307560
910327
774026
336930
641828
674183
981334
267788
779809
513192
599047
49136
905939
49452
840641
829401
830959
894501
826258
997308
98222
254096
137224
978400
503716
433896
434163
31489
483632
256418
214345
904700
273349
149600
76022
673751
544464
771075
374589
131142
201972
621001
925207
644924
461273
424901
671746
127455
278459
168551
269731
164269
436360
796338
897870
834719
106234
632331
946934
56029
424387
152983
39027
276029
972199
742098
796649
443985
354953
686373
863934
327236
888692
652955
324904
278313
682828
872696
983186
599049
370097
927290
250394
76803
498111
340009
750034
422782
685710
405087
477995
274200
437548
100865
539213
287350
116820
817895
226127
379710
844566
900296
610447
629777
600410
507951
983255
433234
752671
297694
219207
629527
630851
901791
941488
34074
19414
323679
238010
487301
54041
539971
550269
512897
610804
871411
796899
38785
309225
344637
901408
254896
657792
993055
675169
841562
74407
367325
505665
640276
833876
597907
853045
577446
298546
70103
607755
844576
114345
98118
305439
450005
971789
849444
931663
481970
886353
287109
689849
418832
72930
640684
465659
973823
191464
807621
695463
513052
26486
908619
403678
592714
709402
477622
344194
745083
837693
634230
173776
970129
574277
42233
260868
320137
988653
7083
593913
587502
331474
970729
898003
844698
321210
601850
196390
788766
3349
263173
535952
318452
934353
288924
961384
415112
861176
647582
21132
367403
972472
183179
333468
805330
957647
955523
508198
336955
538408
996807
42906
924058
839906
824423
594116
247488
19105
637466
987914
180818
918519
640610
179367
121962
971092
557245
713703
303436
273982
190421
262777
156493
71433
338368
582884
713295
836175
693038
459914
86686
96447
293109
563539
449889
245252
112345
319510
166225
30455
960910
639793
871518
853063
980202
748291
842444
254895
903628
455552
449404
487560
996454
416555
480724
840031
630943
1025
280069
924118
963389
401661
496525
360386
632893
26142
478640
234357
336956
388849
646061
149050
650409
982706
6714
889029
255777
682099
811830
443146
701544
223933
129950
154743
497747
55372
295381
885931
864186
231400
445019
740338
823480
919528
410626
881620
879971
97612
521402
755611
191741
542390
323909
591965
931237
106466
632567
815065
587481
823184
232745
479243
766442
31624
516181
270067
88910
812308
312878
641399
651218
694906
521559
897020
768611
328750
690700
832826
506368
866411
626450
907276
976012
617037
647323
195849
338908
882888
617799
723448
569962
87340
256353
393700
846039
451117
479164
270562
718354
491320
479188
105566
130689
814038
139753
758855
415307
155848
108735
177672
576961
977318
607173
818208
119780
605204
676738
539336
337034
169592
784171
595786
421306
29849
219151
973894
989670
425439
562743
815853
280885
60769
10257
105763
667447
852954
858842
497580
57046
544988
427076
151647
199394
200415
954562
298012
568475
176576
825886
37272
250100
681075
994749
729307
960763
964025
621642
901779
671102
722257
413798
299620
67595
425370
238585
912337
222283
554463
299299
480757
724294
76161
477093
764672
922674
202250
703564
839593
476966
772943
122969
360515
787624
926944
370208
898862
356799
427950
588914
554186
945986
988101
977094
473631
338610
19512
809824
84193
757030
123606
341776
682112
76306
608435
917132
589507
586780
190472
409792
126203
603028
416855
436759
34253
164441
537217
852630
439478
594117
635236
441013
820780
70659
93553
82186
398272
81244
652644
819633
791559
221935
468698
910021
833002
30323
867767
832818
934483
345555
538055
610596
815198
939149
679725
475659
502271
677478
587321
309662
519395
297413
527111
961515
198017
395555
627927
643058
771025
498688
576303
701274
781371
807752
122559
570356
638228
537719
912640
103287
38315
240127
35442
762987
46654
150442
194746
482795
220987
551831
902734
483024
814293
724000
255903
685673
790392
760029
3105
285154
922915
520933
855048
548444
915186
630270
970609
126356
658881
218774
972545
568241
170713
904736
859899
49078
790544
223228
116446
689049
517757
114365
39164
76507
989331
418733
477653
499643
94513
676093
895897
47233
920701
490809
177865
372488
766949
955624
969421
579422
541740
968910
425766
179066
485269
269200
672909
401440
77255
649409
949231
51192
559515
99724
699832
161306
10416
189441
878842
497314
491535
641953
681756
365882
199839
324819
871910
983858
782224
739827
527033
376390
49774
981143
709634
228371
40829
760559
611331
200655
856097
847593
925611
849263
218878
984452
540442
607246
524438
588972
657856
228240
913696
496324
36075
856531
588485
771751
617687
253158
271498
724146
764284
785595
157003
692585
333017
109473
791848
997526
501539
508866
157310
165730
103214
643761
297926
441359
576696
983988
997929
878425
365650
411782
299677
939131
101427
74512
846571
260062
628745
990657
593618
936
70523
547248
382678
1551
351998
25532
201373
226716
913846
934028
889730
232499
608926
713161
520222
765752
193828
869075
997960
450377
658766
338970
43841
88320
882844
79707
561267
354443
752328
997425
752602
664491
237456
523365
811843
609220
368442
514543
262522
625787
124923
820955
443344
702086
360173
565424
876839
188890
554580
621562
799603
247504
976225
67965
412495
723179
56430
389861
148195
900495
346208
937781
313693
288998
575009
588151
249831
127750
655013
763055
953443
337236
398407
499210
738090
2517
293772
691291
498610
115237
291348
991403
919642
732399
89072
423728
73822
762232
5534
294489
571802
112859
301299
311962
256487
301491
565591
755397
105607
678478
47257
818574
804064
437719
939556
523313
933779
103561
553830
810062
52710
170393
121049
900027
759284
374685
236676
869631
729355
297096
397042
802624
239450
556281
781299
954595
253399
775982
810419
49644
840953
353143
37423
495143
427743
701801
924332
315072
702422
326506
797691
983226
151341
191582
424332
378096
43056
100974
27692
13638
481358
524100
949059
917198
862148
161225
772987
350377
495864
892950
896846
515230
171851
788238
379034
219624
67060
440998
514026
469084
906343
423033
733392
229115
718655
701798
183523
864013
794412
870161
796813
504690
607784
626016
496032
148986
835860
730476
4120
309823
251871
695458
793788
894498
56406
839361
576344
43759
11351
542379
940377
188852
799265
621869
826061
567687
914130
626095
688238
44156
804651
35622
722409
861900
703620
737443
342649
802212
825920
743357
76664
970514
349792
505614
799342
872214
529788
837585
146820
871572
164979
759864
263216
587752
228870
180626
336245
143140
688921
23647
698921
892178
514592
35292
342848
404361
600704
625639
639970
561221
210191
968856
600080
309323
525038
185093
313700
968789
94975
102505
877959
194652
836589
812321
288875
369522
826956
237054
951880
661727
124066
574135
506956
259626
224070
860726
794820
419339
543230
574372
647136
898707
447138
915446
87327
833346
847534
454500
794166
801826
63076
887541
479773
924972
971293
869299
135684
353614
304233
797496
10516
33357
917565
497457
832578
666748
909729
583732
95704
415710
168155
972462
697228
439614
749808
592799
714850
835510
46453
798635
318060
414536
975613
345513
106507
211246
425012
862703
428695
140797
816133
687687
985577
550028
909158
505427
713859
696260
836100
935814
940553
534588
839528
279846
104943
606368
313898
109157
67747
184733
915425
795441
286608
704524
73304
587393
84129
833132
702047
25311
15455
160405
722758
102573
381254
135335
291358
908215
537209
452676
487014
163121
347443
710120
802779
11931
512506
453729
667147
181370
130780
542205
394309
502241
750514
391458
250294
572321
244535
38451
524843
2674
53276
159126
663169
65579
578987
831156
833497
371235
863887
149034
320740
257100
793317
617411
711926
394882
28590
176516
130217
378897
793437
170115
383304
203810
297088
794030
567882
544719
903284
831951
575892
60027
515835
724944
138272
934757
510325
777285
374772
895662
593695
500379
960805
949519
917620
653240
844529
287435
880696
733600
684893
545251
537045
114541
243122
371908
182254
857369
876072
796454
705693
823401
530353
671083
106845
543899
59115
966201
929334
192867
915558
89648
182407
918654
288119
665086
956245
581639
901247
726494
277768
363607
751741
917226
878050
634290
895261
166024
43622
294375
463844
202144
259824
433097
233839
223640
606229
101502
376388
425158
578375
661122
745607
630205
931106
149528
521220
85967
471470
621571
667096
190176
688795
377342
678048
30214
202999
357257
407280
453717
699497
357277
146289
463828
762175
267147
193308
811190
938526
920883
745854
818065
401169
7460
673500
591757
568239
430574
334030
794787
70186
948559
79827
241544
439515
25573
387805
144169
649238
396418
582956
373973
602923
601390
333356
998390
783875
799514
376865
900764
734520
340600
179368
199381
297091
709889
708084
618911
939976
216789
622545
381250
103231
858978
355906
754148
992666
677008
481526
846560
712952
666333
87365
203591
90033
443565
396806
641671
357519
238161
981828
739941
856649
261698
678640
632140
927057
346548
726148
102790
666604
614383
74157
235528
656712
386666
423108
245606
451080
511113
728736
148527
634199
592716
166475
428793
471572
334824
406091
250296
37027
469428
25295
769882
545534
738135
973044
545301
456470
677475
451815
15847
925157
631231
757764
706178
729279
811184
986153
967050
429487
598961
852084
220565
97405
724003
706651
52825
302992
297521
179777
301711
534746
206301
555064
551206
326732
981966
556130
289306
644833
181407
667323
611337
289747
733047
931180
32004
486241
571072
460602
223677
697946
489443
913661
180311
102393
572226
678720
30532
563686
90568
456593
363163
47745
171710
337045
533250
125989
603063
179177
340159
744662
190764
963960
472247
664200
114395
513366
77469
558257
274477
87443
413124
413171
305242
157863
533089
276128
27338
230463
430900
310492
174385
732666
310866
864971
664159
832493
231752
993763
311090
459216
902245
720908
659872
851685
520234
736157
50153
630344
31611
123890
292618
160617
158432
202068
712039
488990
622762
33173
999899
301520
102832
192844
630988
424474
341973
8345
901812
299407
502237
375487
108323
581013
626537
467390
419126
300082
286852
550751
945351
985072
793838
840318
76877
962157
652822
854279
703252
617384
197480
110491
22311
962204
622653
932432
918009
538026
705240
911154
277881
192252
895011
230375
884004
684245
269260
106428
8580
551879
40147
621443
527372
626842
984237
761729
835959
488506
836098
809996
760078
577441
436845
304975
634137
452476
316131
417326
696316
874165
58582
222964
115873
936722
185838
612564
841920
395725
548742
343411
210538
982963
622251
390787
932654
495810
914524
948756
597038
565785
955054
501267
308806
731293
199453
709571
604151
297497
711586
662736
771157
648178
799791
333447
114018
938689
311514
37819
233146
350091
447711
342853
972705
212313
413778
294974
483862
116604
244152
387649
467181
906236
252441
228109
57682
933174
754202
992861
352899
995020
820777
869731
379505
589438
529473
950486
262486
152373
488174
475491
600156
541767
197821
429989
166985
215528
54191
942507
372627
205938
102307
293236
343668
848792
831634
962964
565795
430651
903784
533223
884687
346186
885798
301426
864086
989967
694232
971685
369751
113737
888071
293994
60320
61104
555542
207362
790814
169948
289681
922509
339829
925520
383823
866979
52486
34749
218458
395956
725756
860890
729765
899015
485958
797318
767353
564342
890966
692856
741313
491223
433968
641154
498778
737930
727493
839234
105733
665154
410960
831917
376376
270532
90591
212448
963041
897686
973609
534604
246313
403154
488175
496970
226985
724017
479882
713816
350772
907421
439419
879471
862441
367155
687041
352369
174857
672083
207250
722828
744570
180312
925627
249883
915984
888933
597577
432754
103346
643226
284218
957122
339313
672447
978428
859992
434778
6966
14533
821535
489647
660295
932682
485867
429136
679107
238463
175146
671695
329612
88065
515558
862446
299701
373894
370142
90268
159255
98872
338717
280688
114066
379935
695599
330755
541614
960034
847344
514246
700430
628164
6574
156433
31517
258981
467664
793882
806618
753359
66585
164764
415518
777831
450142
654324
484978
851229
283194
603205
30844
753142
637128
752463
856110
616227
516359
874967
295125
920438
770146
824547
536593
111705
249737
44012
484873
239640
232682
81439
896969
73741
655750
155199
813355
124260
764834
511290
989758
515692
499988
943937
578111
193970
638888
469657
16100
279734
903818
672496
585095
889822
921136
844950
817109
819044
327065
170511
206445
969931
582114
669699
95991
323638
636957
751216
634524
29649
608666
821630
312871
691896
978574
408703
100200
910903
696641
200809
983031
31260
717090
701841
390940
121915
222851
938469
447804
644670
557169
254360
774923
938726
417145
356247
847717
653479
224433
80293
494275
608953
225353
911190
789978
904783
555461
913358
711335
838416
406136
170538
338344
433082
772215
163705
904961
630237
185349
906081
828743
326808
80602
916179
95763
621846
497176
165991
291057
48292
756157
142188
580559
386568
210329
912517
227328
359462
231151
765310
667245
613569
338793
685816
590776
364050
529374
351286
748511
492472
391798
376732
634672
735002
774421
893436
848605
291527
770125
850628
312065
61214
415930
784567
517070
930208
302869
743867
348763
392060
71082
811786
703092
324273
910193
321497
459898
964463
910587
22090
52254
589586
883054
253670
488820
820098
222607
240005
65014
842700
634207
726150
718196
730186
594542
867179
148081
682367
127298
827443
603846
817902
537310
911773
180100
783803
555766
351225
599903
970308
299865
136459
340886
938935
904593
441132
417799
765364
812633
515936
895617
691789
916567
458731
535180
221539
575721
305576
644158
813898
45514
119190
93911
457039
65895
854562
51876
88926
66739
181139
136491
220383
19832
481026
434483
505155
452504
302718
238616
853457
285286
538462
126745
939387
714973
87617
249188
735236
720512
61836
693930
910379
991205
860096
424272
15954
238335
167889
40610
604748
978051
731770
141365
898859
779195
642531
129527
828874
360362
68013
91525
198675
975163
910877
984915
431925
785658
137856
888534
933125
771783
133920
484545
412555
399513
840742
533469
77507
589044
858115
765122
969121
346726
716929
333837
903937
568970
435357
277458
913656
340661
366945
118397
148769
726146
307808
679080
751218
529047
775595
467958
221107
820527
796392
849410
99083
268712
429392
744729
373005
371276
319368
291939
898172
677723
725640
98476
837681
19489
881162
162684
192366
335434
184368
943966
541621
629118
976611
824745
894019
123948
137301
6118
745695
309096
672593
823066
368906
325618
990223
247435
297655
876267
623639
73724
305123
269113
355024
993593
609751
875174
499423
414158
898440
732929
666497
904292
558363
615840
359263
577817
450797
708881
805627
249160
929324
313581
693098
982891
335996
105652
656743
104663
185039
789171
519659
856536
63865
966233
152752
409398
78297
726081
439190
513731
204394
287190
226661
38829
802473
926794
986940
308067
14244
318348
243270
382594
401571
382161
556107
710729
988269
558800
842140
958758
508724
404503
666863
38431
649072
429236
443636
799673
80318
16988
529880
661448
461322
57174
229132
566743
37808
899840
207962
542655
291085
817552
448520
865544
842778
51835
258965
26476
122494
972850
256361
420953
963319
136403
870044
274174
370601
844943
39968
643756
339170
832695
552260
427538
650653
692386
974829
687374
453650
277895
921236
686630
323943
341285
452821
267154
601165
176188
77004
969853
821470
759972
239609
974700
96655
966551
894086
252868
792048
863358
831738
757782
535544
230301
513695
191710
488655
557405
845906
364281
866445
260656
666174
266673
176011
515252
825747
643649
517863
249090
826367
753032
28535
364864
662461
714299
818167
108164
222520
6979
12399
70348
651558
506757
52676
692068
827286
61433
840508
682837
137893
808229
650689
337850
560859
516886
24039
751212
692873
405268
71646
664834
313782
262438
824045
723986
174321
594917
230539
475363
431954
209388
919180
947537
903835
497485
845188
611419
434051
570246
770579
542001
805978
531425
841049
219170
786142
406848
522756
469817
242163
618444
125077
413677
967767
635196
840576
909433
82023
387954
489533
193550
792347
67395
275763
423250
389387
661367
124928
780387
438850
609866
133823
668110
374885
825437
592689
818576
410893
183909
251596
846499
142281
480693
621539
23745
846793
269319
742280
999232
756100
398672
541741
43209
851432
366626
367754
127002
710027
987379
30405
424691
125520
529386
980931
793712
389266
72802
256845
981529
202304
850385
515467
638872
255024
608664
631331
733768
605741
256376
417247
273361
846239
716248
288512
829776
276690
211238
11101
482775
800091
288028
88056
497179
637065
210176
396200
293537
517196
268104
342462
1133
11875
701217
166510
547713
350586
6192
504844
817163
565853
85243
179054
853481
960820
5084
155563
620185
223764
914202
394107
460122
175190
215943
690046
314581
863959
474579
521476
931781
383371
233623
878085
828492
269880
550292
857435
696191
460649
218600
212589
698759
796055
746612
400765
603581
248992
178108
128940
384984
21114
827132
214110
619959
309972
646137
728966
624676
271543
526794
922707
916126
8562
534013
909417
508098
441360
923825
943647
646028
494444
944636
418351
412480
198715
281651
733904
652571
765060
523502
310296
741879
465698
891978
363286
476433
671381
66333
349504
150230
767981
599068
157868
859425
299965
994555
397709
321405
480164
17885
351347
537549
398904
1476
806736
17922
379828
711658
651648
536709
662394
396983
904595
525256
860728
11839
751395
699907
684230
127001
233435
705865
847213
634321
227512
425443
13366
821729
142337
142939
105396
949299
23576
97849
690884
504065
856194
863625
393992
359758
443046
874579
602039
850541
280550
593171
856880
601653
308129
451252
6146
85987
923420
919294
776315
338224
181564
419034
947510
461729
306253
394412
978526
541496
242583
192236
431324
993516
688290
248338
824115
267429
301677
836169
849671
31297
799471
703557
768010
726007
157461
647833
432942
788120
231882
741633
882836
103094
467228
91502
820270
110520
318361
318911
853980
185989
816657
899418
696237
64961
135613
755454
562077
360374
75830
35081
663975
118773
869705
378084
696096
548062
256182
689570
597637
625606
454459
162711
481948
833926
950254
393124
458697
939991
505380
903297
695734
360759
877161
887065
310938
8167
650836
691524
642307
505136
543594
294539
350744
79842
993640
551568
235228
48482
691252
632284
811784
362242
71521
959280
307111
807542
91798
956510
396445
27005
506003
933521
758553
604584
91322
645078
589621
878762
625157
180682
185881
751242
600456
698957
810909
33305
184862
824944
404457
288791
137483
237617
967389
635813
81977
473791
628802
730572
16850
221902
610245
860623
663840
422703
162621
577046
343990
71336
296481
137305
250329
461580
436478
185863
208214
507416
264325
803723
319024
671418
802082
789079
496626
161008
549002
764527
14787
13944
413365
804956
884295
310128
693306
929711
969176
154396
845607
282778
746447
814304
931140
766770
917863
181408
175949
139264
49062
442925
113581
655112
571220
780244
187711
829705
61087
891634
625875
887473
677084
41438
886171
227129
937405
394322
582767
81565
636898
536175
276163
20173
655389
681887
510452
50982
82018
512676
481328
446539
715685
705626
38470
499669
540859
710877
409120
829592
268146
922425
728948
529601
916928
787774
720646
530993
409974
535455
38725
945678
645178
263422
890416
931345
70362
846519
804735
116275
572677
699454
476469
446934
915793
597561
36330
663392
826409
932356
388345
913237
419632
967665
164037
3326
277226
153398
834645
789589
468539
576813
593768
30955
125911
552385
851465
705654
939236
568232
17797
602470
864340
43208
102213
70096
421401
961217
620581
726124
269695
160607
605866
47697
296361
334271
237398
711479
501036
435756
912119
421646
638190
73146
862131
10418
836109
987758
343146
348087
165575
219173
104832
38297
318375
604206
156512
303489
48202
602774
109211
664607
252159
645638
274470
749786
974180
193533
183904
840891
602743
86371
258824
715768
236378
363563
720461
496916
434382
49789
264019
1428
947334
511573
620457
117402
577892
902816
638481
169239
225081
124990
642560
139483
245413
258043
868946
440026
101823
401432
320652
669587
9434
620371
583654
317973
694904
190497
173576
439444
340996
78823
824052
879438
139109
898397
880812
893585
763218
907643
844255
960121
686269
79681
608316
248599
210930
667835
791184
679992
519191
903699
841087
283516
173808
240463
514548
217722
898502
815731
442796
224580
854570
165419
714165
281567
266087
267008
663566
775748
654042
382619
929172
45605
478865
608067
453769
722638
823504
477292
647293
980310
450169
132297
236798
317448
798861
705727
95202
941525
675745
230800
536366
737696
134515
929605
234402
545683
247117
250085
164018
647910
861242
75122
168888
559615
135802
276057
261357
723264
212668
378828
150713
764139
297039
666223
627931
622964
50638
690465
832176
822141
412768
843021
437680
986952
264812
780141
211832
446285
146777
312908
30153
600053
707492
276450
113231
401713
178475
202263
36760
877949
719602
338734
962796
537755
616500
322523
535397
849768
201461
394386
444395
982839
831944
157307
11012
994730
327009
239974
828415
830184
862442
66263
173259
279024
645117
233454
5243
397176
458839
323554
878314
897006
77194
682718
182447
896216
429954
108809
448488
236707
238319
888026
217008
909210
875072
436794
384558
636500
207068
201660
547632
514087
732775
570946
640648
777869
845114
401260
982146
797109
239922
241657
529181
449104
119239
655039
811074
811289
407848
948080
873944
879594
233417
859994
500180
865205
974979
820151
522951
264496
776002
784818
435521
349903
166817
712570
342401
488796
136957
473636
166580
902370
911693
263526
52581
301424
367639
309620
556178
532200
216770
561486
719883
852522
832074
744032
740375
854715
385314
469108
827620
349205
647059
118152
917902
115316
467266
529538
901693
985622
921000
286859
882274
121323
319600
681921
19155
955255
196105
344429
838657
195323
255717
272801
112031
153831
762657
752838
159683
816382
22714
843100
971565
48509
580713
717222
90279
539817
851374
118609
347981
85389
72383
912928
287745
918317
102451
451470
203448
737585
573906
587108
85941
243108
615403
759058
318413
392177
615772
864611
593854
317367
515564
235333
171316
585430
109249
219028
728274
804337
365033
823029
447693
817829
527754
443656
968764
296802
646728
821341
313964
732930
324924
986826
260519
143488
882356
483064
990126
484703
396521
67459
315058
518653
569540
536471
342043
711222
915214
559903
262608
777970
418740
783486
711209
110162
242602
792058
101683
641170
78142
349532
827611
368999
256162
469127
693042
730466
243768
440687
221593
177854
152679
646606
892932
145758
463951
183597
25522
972489
451867
777271
549743
134834
944806
306491
43092
26492
825722
882719
356284
653319
987998
140622
262989
959852
712481
44834
923978
30081
597265
637979
315976
114632
312408
660958
217244
536897
957456
48972
528413
559650
236245
540616
61658
266247
359730
324252
951434
591083
315517
971884
100359
68618
242548
599262
393581
80461
111537
522583
42258
904305
124574
360012
197122
861921
721002
478984
947933
216340
744424
325688
456681
281476
353033
314053
480525
57177
513925
534325
367066
695092
117088
456991
890042
714779
749086
599291
729202
757895
741090
289323
977359
20020
222713
322315
257751
791342
734791
108841
21307
60835
894833
781067
52343
247449
430388
45344
334183
891434
53096
494975
948532
606103
500988
342757
940323
266313
22688
349220
191625
497161
231655
399754
278150
91915
23970
665675
173261
798119
407326
269715
765406
325295
618653
956216
162882
745826
839879
585082
407599
144057
592405
35621
835289
486985
340985
144032
344372
988131
401263
37224
34663
283309
231623
521477
202510
969964
11452
441630
865128
242626
335742
781114
993253
925305
214840
940475
543082
13735
605073
501893
783527
845103
532481
647411
136786
288517
331244
935050
646339
458001
88095
962076
140214
385893
457061
809090
751599
636218
93419
92914
713092
262981
717225
45971
899375
360639
109800
359688
660911
498166
113479
779997
980702
299092
857214
747640
847339
878449
997203
426705
277361
611352
153535
643043
504637
664293
871266
546881
826077
27087
278354
707559
400309
500174
594115
252380
319213
710048
851886
752174
321163
830243
275365
338104
274716
545057
717933
137427
46263
972739
366971
203184
44643
278467
436464
966189
136158
779905
384818
375557
938846
451824
694416
238187
634342
306712
982808
846466
562198
235711
516289
487432
409603
704284
292535
893604
202062
868106
836385
529421
9859
120520
118079
994656
683378
978936
875993
779391
738600
329899
291223
330155
683027
757293
560434
766908
125377
132176
17829
46872
577215
930417
916395
97542
393026
602072
566993
316781
485176
134285
117125
326258
500947
368061
565781
861321
536509
150083
114310
269187
429937
429457
809890
411534
748416
118840
819735
590459
359752
202482
800842
261817
411896
846836
576865
623487
474199
139910
526807
512426
796520
996767
791669
572014
422133
606553
401459
107285
985532
720475
822804
482573
805719
697337
784613
620319
450336
129614
724010
880604
59100
674670
962560
74992
736047
850575
468858
254296
852589
761425
265857
351703
950797
661507
849402
960742
298815
916763
496298
376131
990045
497426
486215
684431
739138
802445
538651
506717
126743
270898
86714
5832
223809
416038
493763
241564
247318
717655
589768
311802
875494
702918
97506
434863
119853
255279
106628
167386
111148
627157
903592
341970
868714
103027
766315
981460
679136
850248
956924
792113
348680
116721
692530
962184
507209
833694
78049
220541
898836
292036
770782
374715
742818
970600
76926
149452
790706
560783
124663
210177
838638
27120
411871
20358
925634
849927
770957
932358
863628
10338
216759
473018
231374
393068
991913
868017
535157
837087
525979
389216
2230
763039
997716
141008
818898
180022
343011
168141
647728
819799
92546
182367
195923
799270
597141
670005
184716
989621
195141
470600
463752
520806
516694
898529
844864
939324
173482
971677
895118
158475
493191
995056
414549
580210
59960
516278
929818
335239
957223
348710
950531
727398
593588
85850
198407
401682
251993
344225
886426
74251
490534
680447
293864
180624
291373
138009
106818
363042
573792
600283
718578
307154
20838
53871
127362
858845
546795
354327
298627
636554
513219
722271
347947
552676
22022
670608
624920
340006
811996
6625
742462
936754
186230
355282
721859
110152
133632
461060
193861
700566
375619
175128
326535
224369
919546
104692
227872
39950
635646
476685
259278
713176
872844
370186
277739
909929
98220
181873
472405
202660
937403
467727
693599
522778
537641
619842
288054
392859
615844
669669
245220
667841
678817
332664
106540
182152
143259
118053
873013
204459
481920
319104
639893
984198
446151
426760
763201
346498
93064
821742
999363
113997
512586
611962
382855
733592
962512
325647
698686
762481
15872
384288
516290
513260
208877
903202
825144
101245
291406
459124
779051
808533
498707
433878
517687
38581
630066
221787
783339
998568
87387
408180
822468
718485
416193
808789
284125
142478
60564
501178
53587
238218
286967
818
994616
493134
161899
590428
88218
690864
751861
30146
882708
606419
755385
95232
289570
977345
402988
775240
519071
690116
274630
682852
456822
830703
780309
809499
312538
691125
195682
735224
899234
519303
257538
459176
897308
234816
565080
860352
414673
728657
763339
475382
115429
697805
752730
460801
193856
670218
236214
232668
258196
207260
676606
344691
695756
856153
233170
802878
192091
314417
795377
600595
147400
404197
77056
962222
444545
518933
667873
931606
3124
964222
983284
842850
926448
876068
284096
14174
349512
944023
807069
702688
562778
157429
500347
383596
207665
47318
512546
428189
688422
73823
659717
883953
108592
957699
780666
560962
738397
151910
260859
201043
481489
908110
418492
491893
360961
447
919568
90292
213544
333828
592183
597881
281742
154610
994239
112685
553860
909470
9098
792822
478867
159043
234691
706665
401613
967075
680028
614217
313803
393805
746183
843718
353801
180119
889168
384038
464598
260014
350136
775417
977832
72903
517980
485903
29829
393432
830713
544584
162032
231845
666539
165487
404504
137274
102252
948972
260531
856217
372514
991527
664631
26569
502560
436192
834494
345741
939077
566679
438030
540622
866109
358424
20090
653778
394552
982514
216142
230517
223084
630447
306847
35985
341336
497836
354476
807894
283619
382776
973247
886277
810168
635740
136060
337926
377900
339375
779237
214571
735078
766545
6627
168584
426327
678421
950793
324297
779407
829945
767405
798732
336606
473449
416510
911786
445051
650627
29279
15900
607592
362664
448679
142249
258946
532422
794679
849902
50689
521909
989310
18467
115690
679478
75609
433129
868506
508494
790752
803333
628181
832391
453357
811701
985568
45531
394173
872598
429577
320788
755972
162960
981805
121395
415682
864005
428448
546316
602054
699213
85032
179185
245360
927078
820463
696335
146606
554169
613917
377029
930003
120798
782092
581609
145074
495703
241235
797689
58318
580452
786304
130109
3494
435727
125925
959607
601083
852472
922984
106565
520440
853386
600006
839798
847993
475912
763996
408799
497761
450840
451854
26956
907980
452039
14705
733845
401884
264538
909669
170355
916684
598912
708680
981634
3553
777811
246937
347068
415131
450110
760179
445222
704273
892624
722525
840659
326381
721440
744617
530530
847530
13622
640836
883476
744010
62439
606273
343177
445244
955537
599395
331526
401317
645742
263592
137946
565344
17454
798084
256403
933853
399976
240631
150750
731843
168717
693025
591786
386704
141698
87153
407281
279608
235845
898055
947023
17888
302475
899315
61662
655259
689942
425532
785626
636597
483967
921804
735986
440778
174488
596340
571057
623629
838739
888322
343164
782790
39929
792674
702908
622159
884274
514054
825994
621464
396473
911793
928364
829187
822182
501463
747192
899969
48989
510962
474256
862319
668947
330355
323683
350632
982533
326543
996687
334664
558248
212095
566681
636159
325067
152559
18712
772494
977004
822547
601550
828686
379873
202363
755934
216307
857352
208358
1283
