253986
978223
544478
746794
319499
666132
300782
403667
249068
549844
541147
833379
970636
67726
95953
163502
102531
514413
617812
277345
275027
609709
837692
998156
521819
717259
670082
60391
500589
57712
390377
833406
571107
31131
103467
154913
841756
458885
700154
122316
178530
569857
982649
391775
498178
665203
543086
135867
385789
494922
612539
267134
545290
53815
628119
152217
788643
392899
345073
504781
987800
98675
355049
327189
180381
222067
847741
483394
165063
460710
254741
413588
634121
321030
679211
385186
614084
746376
41762
262369
4706
90632
418030
191800
55132
806088
349955
727028
918305
205083
923961
912729
863483
549839
695633
607853
748063
736957
617430
364992
84238
269875
496458
826460
502315
162539
547426
943056
322753
896696
485614
233806
539848
783992
231646
910354
703964
254536
126927
685223
366092
941527
787272
603389
643003
870546
115292
725679
231695
745045
302273
174487
394449
689542
577854
462023
376079
512987
303525
773560
441473
347512
685491
350576
12907
976970
378098
473483
389928
427162
598411
456299
484267
846607
376537
536223
688284
155131
31965
167434
916183
117591
856275
568270
187466
998233
277610
534882
935714
899166
895000
170377
740135
100670
15559
608172
387154
159428
30317
453746
994295
201096
523514
735179
418231
802055
157560
186055
88505
212317
821005
651004
195779
807455
580638
512159
699049
347280
406498
564029
947751
351795
984183
389729
384289
817214
395497
170040
555528
824090
667189
453836
799568
291114
402447
780165
550640
697110
843469
45640
333452
776611
311970
211111
378720
207722
457923
732856
888507
922342
362228
335709
590511
881167
941597
486693
259163
258313
984501
25725
391552
388248
633428
817184
446635
115479
293316
603836
474648
324563
362253
647158
697367
615869
345455
860089
139418
71269
532960
391400
412774
752288
451713
759888
956307
928962
652836
889520
563046
146125
70371
824149
902444
446372
666148
748980
859339
474253
614776
806905
640108
945898
274325
482375
791324
822012
464282
743003
220446
127493
33710
723769
240903
134516
843173
475001
933026
878331
167604
39645
739721
161871
406554
809407
372434
298725
802158
971046
787818
808007
848747
102834
611209
527245
970058
99541
15804
918228
428121
703537
693672
532894
574636
200815
939710
218615
594737
732834
102187
974959
644360
501286
750199
238491
71825
243193
746086
455995
635836
806398
282486
725673
207413
982246
499213
284365
852449
578768
601159
998642
756241
570913
79203
784255
746689
537709
387041
841578
742791
451359
858271
271251
340287
360198
219755
639315
392051
755708
194698
936825
259503
325342
784391
24578
683294
38320
585106
631078
370775
345489
148077
232163
710825
379871
203355
285225
818866
875725
555696
510543
441353
718850
570710
5267
591771
332090
25798
829040
911155
944069
399464
18960
513608
280886
882675
848349
126255
271647
947597
6909
33895
591883
178339
198082
585329
86689
88413
350190
796958
143114
419361
814691
830959
347543
52153
316967
24589
7275
13592
577513
343774
516275
691374
665033
35966
490853
914968
592988
793466
816377
553694
909074
174321
211679
253533
616690
282501
688856
509739
775039
694510
534376
229815
545825
541299
688567
541994
968820
986174
29569
49162
146186
463131
541290
323834
103746
381911
300663
469592
954020
836709
631119
543857
943798
26529
560015
326422
594610
80281
475448
996031
493513
301484
321992
384838
272151
931181
631529
940287
334995
279497
13655
987484
403951
135748
742803
251366
823149
163236
570708
418015
395698
916993
100914
307902
140864
319787
1440
670408
210914
504842
100247
997850
972567
236162
524677
561869
310762
612840
958707
610148
871175
78791
761129
10255
725493
139941
686928
526666
355213
430603
893617
139885
662469
834323
613629
518451
331692
46665
834373
348981
348925
495172
268771
200842
916749
85883
640078
736975
477561
441355
90458
552434
949840
335764
317323
240446
78778
59181
468567
98589
442118
87352
424779
737024
339833
681680
308233
773268
92585
696841
477906
738273
918385
525663
144031
802573
649531
370943
957391
684711
183101
90236
691595
529291
852100
646453
887000
554072
429816
951621
781677
747910
232730
558859
498061
132224
83853
943766
310439
323934
360902
64328
530742
110420
3021
378453
580425
470296
948929
455264
888384
160316
107268
967926
171772
743681
628285
423569
598662
180800
759454
918109
985941
388875
284904
675799
604212
558487
55171
276148
431661
961829
532476
504955
768335
597629
531954
631538
604092
211830
841847
939921
881378
336308
493240
294420
833401
819803
777652
419859
211957
25050
516991
595183
411720
521960
403784
878402
387943
416772
890511
333155
334671
834702
522756
600333
968851
581151
722455
249567
879770
656358
716463
721777
982391
281271
62662
241275
295649
7758
960542
73396
68825
28827
292987
964800
764246
736602
761041
785407
301017
627326
380126
698474
310363
784922
967436
74075
795906
138558
354010
635079
178818
358928
21302
265501
359321
365282
810092
83550
559285
137779
164909
60179
177691
797852
804306
402380
681699
945035
930278
345646
444931
596797
809853
435937
306844
545981
53557
323029
200008
378232
213543
269022
167281
71252
165758
996189
416581
905337
291027
118722
497681
813445
594716
501822
74039
139743
37231
354943
951244
890101
340613
623361
539016
383209
304783
749409
788240
98262
735130
263813
212185
423251
795980
903289
413288
505844
105170
728127
127763
830835
485773
958474
292191
787449
566094
498441
552510
90057
240948
147145
889365
712456
697494
494451
653779
545979
69196
852398
143085
5734
248519
440997
928485
7721
423006
928595
251467
576212
145096
160810
649691
274045
133062
634104
742008
53892
744928
125930
100898
53464
754010
802574
541873
560606
696901
873509
415056
546411
555271
827909
160155
969999
447577
654728
673670
633138
433987
455295
981353
7051
476406
287150
47401
871105
104993
292844
979404
110594
361644
984419
466512
659154
246603
37534
642330
791797
946115
877176
545364
687206
141480
696630
57146
997803
138498
750425
103522
32359
614175
86269
524553
637267
8725
676935
183548
869393
676085
427267
515226
110927
223899
19674
170348
26902
831414
220674
251903
353532
975219
96690
208042
444487
63325
205972
145272
331128
346433
646133
28471
858148
174510
109170
565572
596665
807005
140735
433495
252972
690967
693669
353017
350334
333912
953647
337244
177884
579016
114201
255045
50772
604938
422062
488123
403721
134693
777518
559949
369710
48876
773814
869139
257191
797633
356501
851635
446973
408633
282420
181603
142876
461776
267339
970287
312359
573458
784254
120885
640290
498889
650182
752792
940734
822415
822423
40542
594816
419450
568258
889709
4576
801376
487738
143270
30107
218540
157491
635731
373417
138763
58610
980397
298378
8695
651511
798482
459245
351450
148694
658495
101380
950070
101493
995589
369093
233845
229385
722153
21462
22658
509228
637196
959184
194675
873807
746701
851774
110331
202887
861995
952436
992113
168942
677450
527797
580815
73945
864087
218038
981337
414913
739858
786499
82567
319258
449844
319194
182491
610841
810337
439456
858153
44138
58419
22085
257869
448779
662845
768131
746303
936253
799157
757422
414986
759238
140887
914257
457523
950463
942668
962415
828042
404820
932064
836511
974359
429695
542895
902960
758913
75594
205724
77365
677194
425409
774363
427283
965738
408139
935542
826277
544641
204124
371732
215106
348813
228009
828732
148673
984022
994222
391493
564616
196167
52013
165980
64053
967292
837674
752603
7223
921387
63107
594412
965535
35100
125644
98834
402019
617117
3513
196902
44923
502601
995149
712876
256137
916422
936311
98703
860323
436956
378775
185837
370096
522572
552
755195
531838
480915
820712
743129
619463
82875
261240
666696
982886
718000
706120
689960
477933
792112
749373
507233
32534
311563
961702
786786
623105
383729
309700
78474
596715
222428
443769
182771
738607
536359
729800
863116
331953
298544
266597
520269
717397
11423
706541
561598
160686
308745
911151
198716
27350
599375
213036
799784
161449
943909
468327
81967
643661
543710
307223
109719
191665
996384
612057
352204
971674
854882
904180
38659
752044
337868
102445
372927
700262
698512
847137
838477
396951
135612
774717
129644
186663
358036
83024
702453
927502
311457
846588
945637
996645
514575
291834
102171
537553
762932
506377
126883
269660
620511
697264
633893
114608
101051
943768
987236
846480
384254
165622
343946
132363
396808
155027
147209
90773
776902
219419
275744
519030
2341
783018
576154
917852
240959
910096
266549
994852
961822
295076
766964
397935
456728
955477
653457
705300
569078
917395
914766
610697
746323
792836
356508
833545
93530
657316
697186
394687
200927
667942
813620
794321
173785
875616
445031
5722
721714
730892
148451
403019
760880
456404
952528
517307
944310
247537
703937
382107
122583
968136
302774
468002
826874
361713
784245
272577
990312
84970
657362
677055
173951
640459
96109
984329
827988
699417
979269
22767
21987
95164
345654
889203
591854
454490
620670
443586
435866
427668
953297
849614
623895
103993
505838
439875
333127
641700
436266
817886
873987
928380
127576
153018
65302
35825
621072
852476
461067
981425
53654
94839
465149
654156
97947
379985
759575
248074
360929
153221
15307
923575
507532
179461
236012
661640
722022
503456
320684
241969
270496
72713
324227
661722
805004
118542
125175
523555
642916
555863
947283
849418
891309
904738
228800
643078
696929
115396
376236
155513
934354
560566
243496
498428
917896
246501
250610
651084
675741
730302
737674
284815
726665
106305
794361
376323
649029
60595
886991
359984
176995
889486
805957
377167
543023
651729
701371
157313
494137
123987
433826
933963
367784
440157
418123
846214
547738
400966
66443
14503
783647
698690
638012
73952
979957
206164
741823
48532
691156
140082
940703
951869
936494
58289
709364
601911
933471
295875
7785
346410
571614
33759
723885
747464
448758
2250
196085
799663
708108
213258
260386
648516
383655
59715
5925
505909
910430
559291
542469
707456
717334
542502
905144
437201
883530
353467
586503
858518
254025
493199
373049
591843
286002
665124
852105
87553
617573
62317
944936
165127
860258
526885
323514
976004
758072
331396
920842
161815
363093
448242
55110
540099
291204
392269
291877
607922
16427
369909
508898
571945
330205
503945
903987
500216
941081
765369
797057
115459
910392
205846
84231
520610
175494
807157
968994
280707
527395
465565
383760
465344
937313
738531
606547
441023
902236
63337
48376
571251
165031
238755
340394
887904
363177
794189
458679
890224
648166
522417
745132
243787
160375
501217
476720
338811
96110
543686
355807
264637
968447
180965
606220
119876
654436
864241
585374
638929
148659
253613
404169
97066
109932
418283
937203
630060
293159
437434
763201
886706
714175
178476
298058
326061
573211
977545
677145
305687
775416
441924
201147
729222
327120
313128
500548
253611
426436
370520
639774
295798
536447
670499
546082
776041
862743
397033
709254
891038
429896
307235
31550
804196
180306
599585
270168
398237
634918
797004
123606
600332
868443
324246
743542
235147
819301
65595
33907
505985
323966
72763
281570
353002
913023
324155
291273
362231
707818
491212
303405
130226
710974
529673
19374
946159
366394
950417
266133
225590
335408
421954
653334
422201
646812
81624
911446
581799
780040
837508
879998
138671
16884
785721
592116
737156
510137
585305
884109
22817
139178
107754
206952
586260
347354
667771
312073
382105
448821
679671
962137
585258
967214
238766
903977
507480
129841
466097
544274
414563
314359
305648
107365
604530
210714
535697
671210
267304
26197
616615
930631
193787
104113
41525
873967
844164
547465
181221
351214
714829
396550
568016
111938
601406
487228
650755
636747
983216
846062
438789
265516
188871
346126
624342
496631
591999
902559
38691
606623
33366
350337
517436
891817
658321
122607
96844
746459
922478
593435
654247
526140
719260
908235
395020
112417
396441
732182
424714
717006
463204
413630
147070
773760
915465
212230
325119
643688
408545
761596
90385
62610
530165
798395
413730
67342
337417
980551
576897
618711
957811
603479
364404
496952
547960
18585
721461
378698
484070
786486
676088
890761
686939
715150
329924
729806
839465
289201
547145
934875
207870
957150
114492
268509
919553
569855
568411
846191
852941
128859
807326
176490
254218
256872
186658
436599
498949
640555
531652
241680
279515
840145
933024
877980
584497
842051
743810
610961
576647
675289
519705
311122
937953
120839
414359
189443
238668
721585
395694
169144
619910
849527
724230
540286
656446
444190
542982
637931
712303
824260
185512
926524
535255
573154
306974
976309
284817
585879
989680
313626
682282
763403
968018
448016
644510
133906
329248
957453
257680
429377
846278
55263
995064
514626
625079
452248
320984
484879
207560
652974
278642
755433
238171
542235
915971
429124
954004
149069
989562
827444
634117
883256
731373
230835
544615
335826
142248
653324
137200
503100
905262
332223
365466
952962
463159
570180
172890
285109
175165
986030
846403
570090
952516
697947
548520
80563
643769
449034
228916
592963
893415
436732
289846
692904
952155
241894
38871
283933
903470
789229
755393
978779
610090
162838
170397
437793
191623
744286
166182
597520
332647
206206
502751
370304
44509
355725
508098
493353
334670
96232
498481
166009
921257
701379
348577
649775
790661
515920
93352
347589
8691
60588
568803
641842
621473
89738
972016
775054
783989
115781
465015
438191
12189
939371
263306
951463
87564
92768
124815
605901
890948
784558
317904
553949
363489
126766
985974
748675
429291
107780
889266
879328
374374
819036
676253
961349
895031
680998
279345
214901
101276
20147
588440
400298
859331
558341
540423
381985
554764
962506
927588
388255
15126
206041
962366
65123
996827
795288
395466
134970
344900
252219
991284
401814
460662
641759
179364
637719
381546
201736
753505
236738
950684
824563
161786
784963
418617
635248
571606
480173
678701
963014
605365
780869
720337
427266
398622
915658
490274
71290
337583
352052
786070
83951
789514
673734
552383
706574
601245
135576
313015
281332
919727
137979
619062
645214
392820
679959
281806
733472
150164
321848
404525
940566
438575
458543
867551
945548
269271
224945
367465
614056
925660
970552
30517
122735
445307
671431
171490
260374
410233
531396
717635
897303
165652
243738
131061
570285
542603
503259
760499
989964
708595
506727
569053
736351
137194
463786
490212
689483
163774
882857
207048
851122
362362
203366
772064
620183
397827
604459
457110
506942
774972
457785
485732
754609
713997
451870
890076
666737
669104
201676
487718
374673
613707
204716
364640
238653
379193
449755
400744
23016
398065
194835
628136
531535
59794
552623
362781
643103
684402
993988
553910
17941
595049
659556
491184
127312
510608
929021
652268
688602
554428
567250
905529
706132
725012
408910
386674
864926
987159
135734
360796
395666
662711
230791
57271
699802
191016
448737
819875
428974
149257
490796
488416
822246
117198
616522
767145
471488
243125
335719
749354
646143
964329
625331
64068
281901
493929
347879
503701
855510
332412
435478
110593
435561
218389
953218
31219
185507
340958
21923
170398
341160
492210
119400
260019
535688
201462
264017
983122
187180
591895
295462
674779
211603
737435
286356
100697
713376
253104
955073
562780
759996
417136
396359
562559
698675
754259
704035
797071
305152
543748
347165
559193
470085
46337
118740
625983
655388
271335
184309
420383
931190
891298
499092
207488
750129
26790
819761
262110
83599
26442
202895
813712
483572
564780
411750
387514
507852
365193
876733
37889
485054
294734
523780
59706
640029
460632
829524
339424
623720
91427
165586
205056
865736
996846
992518
628214
7098
986029
763918
651728
333124
377843
285017
675002
686629
475111
608182
785734
538670
802622
889206
607631
459653
751274
472417
421362
737176
263162
579075
131555
367227
477510
890068
247924
801044
699055
480638
607523
172080
445771
4217
738226
71605
536300
172175
936618
639744
918829
623868
442922
941830
145428
503678
436834
928692
450344
261338
574604
451405
687003
588068
733703
163712
420392
430231
3385
211472
721939
637711
617508
509823
862472
156659
620320
727428
376252
704347
985352
287327
694211
765897
2920
65886
422644
491769
579030
480553
328475
64617
381772
51540
402393
44311
183931
424561
763950
212143
429403
331467
834589
902992
971325
225079
567847
135965
768389
993507
771698
757320
438839
463859
325869
646882
935980
322241
2004
927796
487619
524899
442265
558921
605870
372729
378845
17435
438832
560859
142187
962804
624928
874794
414617
476462
772262
535670
722458
648251
620663
585822
748413
495378
524024
871078
533027
313863
429189
587108
854413
286949
879992
8948
818649
751146
387574
11244
218496
397207
93032
391354
103136
730079
756953
233932
584933
94465
842006
186670
791168
304796
855396
360350
290889
906952
317935
829378
236031
62565
730062
935915
375072
111826
364794
83600
551418
430887
806522
884921
487543
83313
618213
219802
22931
213426
916049
55651
200442
257699
955284
32365
6065
15006
967687
199544
811988
46930
47030
900203
284924
624289
989768
313568
582770
679240
708508
195165
982260
206986
439597
200485
485087
241083
187883
493821
219859
739188
40592
142458
980119
270042
10102
146631
52594
476986
34765
550122
946029
617394
899488
736482
491904
129011
922475
502969
606639
411858
299202
349371
708862
986294
18432
608842
17376
243408
955604
32054
31438
290879
406058
971914
452621
369896
979222
591793
396877
530796
707066
492776
647577
410319
219442
165232
535686
227267
22963
493115
801896
444578
515036
534314
46698
966285
564661
977876
266964
243361
101207
819307
856925
799834
719576
866453
423116
75782
684361
252092
233356
231652
359759
908272
937354
531901
248940
539779
683824
594326
519014
619871
858763
414086
38846
227122
47143
230279
934955
178317
543254
210648
128083
878759
75683
776026
295865
208496
172416
55060
397293
402200
685020
997997
573888
492820
811661
125156
833544
62247
919343
331122
168165
31214
655317
405214
530945
980417
120298
2944
5646
129963
646540
172986
304019
430187
497872
77363
620257
8857
109298
896962
320974
213342
257679
655445
391129
108315
525033
829876
862761
762927
749587
613367
861990
761429
287720
647216
881484
555210
684946
954729
219995
136829
645756
767821
395985
34879
601181
665688
317270
340120
198458
786560
485441
118486
454617
399538
141349
961200
15234
991095
746562
54350
301189
419787
9357
808164
586382
565585
529774
898421
920088
882530
169463
127201
480520
624621
91099
646011
695572
411918
667793
481888
929269
682803
35767
645992
274492
492924
467970
648544
397259
372268
187390
707346
136594
55705
472543
502094
771982
465734
497613
805862
277826
970766
741849
905481
830993
140752
548137
408517
620957
858305
752657
186696
524560
76767
291870
560143
668550
317295
768849
659377
16716
259380
179738
32683
290001
536745
296911
998290
963161
417714
418887
721186
448854
547331
584598
838123
783771
992376
652507
241214
576918
542162
83262
960419
915078
732390
992642
87030
585232
143146
213477
260008
643119
972595
214672
359478
674269
854899
514407
793861
273950
403164
887450
780184
727089
922538
557852
15067
900928
12878
858055
252113
526641
540118
986814
478503
625861
514254
872419
785175
186312
158783
846377
707531
92607
299001
808310
566966
289498
758824
480887
758183
528280
237392
470066
256119
620924
543379
682614
157759
365463
693246
247935
249204
780502
570073
213618
924026
773176
933468
575326
349348
448985
561745
680519
811660
526382
878598
267038
395660
573993
766233
532132
183875
132748
614518
376507
815074
992592
729024
248969
200261
118452
34034
478792
996470
811647
74065
429018
609126
989702
702825
529516
929504
523738
833063
156700
471972
863913
620672
438375
119893
691491
455926
793873
612175
820901
868956
201647
81364
71975
514458
113867
64485
219828
896324
201227
979163
634409
68080
642281
170730
837285
552443
908566
180075
266677
547287
238292
791575
813323
607042
137403
637916
280958
856215
943371
693091
246763
553889
679701
47234
847757
984253
314163
386417
795864
975768
6884
777308
137572
696372
846531
394920
687347
832230
984299
257485
374379
780743
391733
532408
56419
497151
873862
488151
678358
352817
396895
429749
261049
757081
79759
746685
884843
240121
364151
393447
749810
883397
577283
934739
342560
423810
642068
623736
465847
314338
542117
693168
894301
670651
648079
176554
930535
505426
63259
141935
23415
539846
413908
525240
697174
409887
640099
445515
990799
375394
693928
450332
847953
551283
427914
579315
661116
401949
456179
93572
532690
512677
607981
114799
270856
526368
682324
744741
994399
580409
530758
71633
458801
767396
673300
97522
269034
450393
222605
693520
251613
526546
528270
826531
587471
558623
292692
206067
812149
332597
868396
852565
948381
787227
632962
624359
43962
527738
825590
670217
766298
254984
172166
87599
812281
919816
605016
113651
836817
506030
465497
216791
765771
543553
967059
957247
213245
606567
405980
954706
39137
62181
554688
534645
492664
448010
757246
694336
330181
855624
127844
574974
103640
888901
421643
910323
61938
725159
780480
106653
982439
298633
757565
959386
623195
728313
435826
345794
200564
411668
583747
170330
327298
874597
847376
615932
277513
524698
928152
479739
852645
829906
223813
528380
170616
450768
223524
827088
599718
801240
571030
441855
662701
754607
798772
525113
579526
33768
549013
939128
776154
278739
170640
550541
779182
404233
211208
163508
230520
179983
797110
991258
243765
78863
923206
945532
624666
156140
242435
271390
810637
915748
451909
894002
142278
237507
943382
339429
904134
167995
631344
722353
941206
266711
354737
720992
826554
431397
248842
34648
221724
677252
174042
922329
893429
383964
40950
366364
60038
683755
258136
898872
950771
806936
502785
820662
470354
810658
207917
831089
83730
316563
510388
116339
984947
288981
940770
400854
972866
118842
65592
793484
785120
855044
318586
279976
360523
866428
286906
231207
791012
684320
136490
150617
495911
603326
668948
43277
667850
685525
812755
733707
679631
901575
656311
697632
858678
684801
967868
829027
486543
237383
713927
976370
232724
996429
397263
605248
77985
374377
458965
922862
427410
804323
439729
158569
895629
567396
161487
951963
466203
585876
788404
919646
513751
137833
414626
183278
135314
298385
31106
50353
601815
469811
941990
878418
340097
868511
890604
54944
311657
587552
366651
107015
817191
104250
220958
541459
357805
426542
684030
596676
60918
217630
357201
128722
778309
698135
605360
452073
563393
378849
470783
632012
807942
218804
743913
66823
489626
493832
516332
491168
713001
741224
53515
677016
980834
612468
183715
624674
443904
464287
343303
194543
967860
374496
661944
455986
304682
144935
393057
896275
886700
115194
570045
843064
90356
550950
322945
276921
854606
560696
501527
930180
524431
911692
237213
342779
856001
67047
547863
937722
741652
270977
971972
560903
898414
294908
954273
827061
826903
584993
84641
990563
396631
48118
780332
583728
615428
246456
967798
733872
240987
203562
35630
614051
864786
598772
218652
203825
152280
23631
6568
168135
740823
576025
263243
484405
423438
654704
273180
885970
965637
102809
108102
829975
772116
486858
750214
618829
66177
955694
697607
781601
200204
840146
722639
879427
365142
750852
82088
966986
788122
859895
213713
202549
722366
706616
295028
265698
825644
882600
241896
110346
13727
128648
482502
649502
808844
563685
900535
258650
257419
576430
255232
435644
751912
814056
573166
592754
948664
621694
428761
958575
260283
339078
361971
530875
862950
108875
569663
227669
711683
237132
731692
945572
685863
864537
342911
9601
420781
259501
775969
704106
590915
788251
587335
769009
408499
694434
143469
448787
78456
592237
277748
862834
54602
997842
291123
601516
683807
187011
308682
689000
704072
466020
847460
593068
304035
136773
303602
403819
450655
627234
764218
564873
113073
466820
899551
223412
896542
259667
153142
686212
325508
318466
415819
75318
408891
264914
279439
755280
218178
369832
615320
580794
483633
483564
866438
503554
287653
18677
928558
483672
251908
773739
276782
503333
756507
960478
3644
103610
171171
821711
718081
398113
637962
913896
511970
381130
927306
497714
997582
339871
82181
197490
350452
384964
184003
408052
168172
192922
711329
514155
96093
536774
728687
271417
966422
16818
574809
339489
753316
667093
582266
501974
35407
876673
810089
100123
229813
826867
934848
541305
16635
685976
363274
173231
123540
380867
679174
904382
539902
828948
623565
52480
354736
830846
679162
758013
404156
334294
716430
746391
246126
803246
311243
526425
278669
298922
297256
84916
785821
209481
307308
682794
36379
824470
394632
890929
850414
528296
672800
565692
243002
286974
77014
325131
443245
210046
506895
922131
861672
7438
525793
246413
60683
737817
904631
733204
879335
267112
467565
124238
419973
572777
111614
328838
573702
708752
186299
793600
408522
394026
207841
786832
855329
915447
309735
852860
549293
55796
760977
486279
849900
216075
317232
327246
923122
241260
272182
712569
69261
333153
634056
617986
246574
982897
79991
539064
507966
29808
991820
402741
556071
295707
880715
70170
10154
557646
703010
290222
196742
844068
772167
534335
730334
114270
585045
817701
27696
192191
911774
889764
709629
152134
705992
426648
73407
185990
887868
21139
911950
659002
491011
666805
781038
774567
595004
587130
551585
464904
485005
757627
744222
874899
912201
20746
177375
354537
561646
192377
734272
523839
718398
752897
623411
40480
817840
702761
419992
561915
662764
878610
445619
924216
404283
403709
569556
406432
938666
114456
278969
80232
574923
576007
109934
638882
551364
350180
230556
513683
782193
215196
304941
888554
955567
968964
12996
122706
806561
58147
464462
120290
297921
620245
336901
221531
149491
874860
853656
727651
225705
310995
549115
961887
578307
291780
948355
774964
732946
990513
761797
651653
715319
465351
621278
90846
583723
949885
858179
443651
645596
246785
347951
562049
75111
48963
204260
324653
458313
242211
179984
146074
467448
31420
508074
140171
190108
427324
855265
656485
721947
954763
55315
915130
30702
722294
128673
838475
159302
325457
409529
308258
515959
829937
21442
611467
823633
561168
588552
700472
739147
350069
628329
934858
381218
904725
974393
467765
938238
509178
327168
713159
517490
249560
579107
407415
154771
57965
181945
63633
216169
146092
276526
290685
379800
328827
625256
682710
226075
102265
242060
788920
693136
872005
835559
407520
909793
597942
23740
849178
784581
866490
971778
649324
406573
946057
995109
17897
431141
872760
220460
361482
835599
518235
800904
173163
990516
236527
967219
455659
702939
446765
62973
105348
463994
391351
716073
184800
785814
344222
528719
923661
923765
960466
390690
943859
228500
31929
515083
684997
984483
614320
16899
174562
536771
123879
406246
40855
521346
96650
527376
600177
861288
163874
433684
73722
380300
713810
7705
12980
809088
191313
394205
709475
221419
882620
368311
280479
482387
157721
965694
348727
34902
132652
92172
793731
396484
562673
911386
103347
66345
714654
481801
247026
475850
263300
17202
788160
522024
976607
540860
271935
164538
622341
60882
676281
455806
610701
522518
739714
305118
753139
170003
71658
402105
707064
298868
833194
227043
547071
455414
301453
602397
367576
999316
246152
168209
38512
138873
343496
938695
400386
488704
379404
98161
1145
470625
401407
20336
241784
930119
257695
115209
871954
287731
857957
574681
428419
364963
474835
10803
773041
561065
108356
130755
830798
804115
98790
831230
533578
327521
282058
636443
343662
724682
413389
522561
446670
927095
594185
242961
77914
502129
769768
936372
362125
883401
122234
562804
478318
159613
90975
365704
769435
425917
327923
564027
654131
895871
237911
808060
493483
921231
426339
672664
698271
283723
462616
984745
53188
385367
907089
36293
490999
471689
274508
658393
327304
655398
761673
634716
287313
944410
240589
601260
153325
420449
873588
421851
48378
148855
807576
298665
860075
866613
548285
71672
291858
447338
149913
107731
944533
69663
991762
764616
734118
774528
95973
747958
965657
233496
690782
731452
534753
917193
543260
577771
241219
429672
183801
615944
527995
757763
447240
552706
221745
106329
394258
362713
560221
371173
252863
533799
619142
549467
8795
285549
716257
361325
719275
21209
205771
954963
918240
983086
523862
138928
398457
485254
557238
723118
194122
771624
40335
595792
827605
44945
552267
698891
529879
211205
375144
621260
310218
532715
501094
287459
606154
812960
21675
909477
365968
142258
76781
978580
509434
431183
118734
554947
34937
63369
629684
291458
567803
385503
801201
668185
297638
498152
808879
558492
619128
446319
833558
515824
538421
845795
746897
198104
317983
854661
626890
466338
780621
81735
828950
503129
797547
42616
250429
271660
559195
586015
941086
450236
290535
978842
40583
53824
700859
693925
326182
754086
861713
702845
438386
550914
886396
779457
956636
456727
611334
964780
77939
176629
797286
892468
686960
331955
204237
590548
60473
18861
169746
881735
287529
249487
461738
300031
696148
81237
4234
986650
324032
859203
918311
115568
413659
266983
719569
51808
376318
52466
753347
504663
196690
861668
411368
520592
446551
714177
803637
282870
392118
151570
700186
177225
410157
469704
880528
237114
138920
819766
272490
149837
82643
752529
864517
324867
920056
21921
514674
450964
418208
505267
97372
413876
147643
796199
569540
404913
279027
443094
22791
914043
404328
389154
9145
727991
668569
610725
843174
256917
74181
492824
142960
115065
326791
22260
489726
99998
347063
730879
475820
740165
918359
452518
155129
589097
460714
553316
730292
445748
660450
550705
474250
183607
714006
729959
419284
669609
171390
216512
86948
950618
536263
218367
985140
474518
292074
667626
495331
681498
749670
461480
902979
45532
199484
677875
542459
678964
587967
677642
884516
620385
543378
704731
671864
102129
385496
737261
28109
831581
536451
3462
336605
173054
695379
768485
38475
426954
455598
947273
243708
417193
218956
998002
888710
717161
342386
562738
320255
683623
108760
212783
603665
202086
535803
425646
448476
881977
719106
363299
591331
471276
295047
296371
867341
288289
603581
807851
472763
872519
96383
763292
364583
47285
739083
253092
856350
228971
223464
212601
718312
620856
871030
344967
866482
916080
745168
626182
941137
400819
926540
812941
595458
557563
883590
794980
862175
154581
649756
99872
548651
662288
412743
718105
170128
656705
15547
622954
17713
636978
973397
82586
30523
251347
340437
346653
871179
248556
808865
4781
502233
131125
663873
659216
466687
730667
872584
688439
370656
471387
912046
156308
517306
565619
479219
521481
60048
305953
133107
608739
347887
329111
73383
161566
22623
38472
124523
613923
187208
977724
427123
503020
710663
832852
579319
928061
948879
934655
729038
113619
796645
459982
640483
492873
974648
937999
110356
80337
100810
442403
739863
503165
168895
987749
861808
823065
248722
911477
139301
466721
398027
511756
99750
17726
1736
383548
336191
978189
755515
183552
331982
684047
831499
645109
624040
911376
876802
981286
134827
769467
457285
661057
95662
71023
818090
307231
553455
340374
900599
39927
500951
544820
347501
956485
430844
563479
159948
376583
985040
736425
386790
89696
18509
337828
261282
901259
978671
701344
158870
549075
718864
372181
717078
32315
519255
867382
39363
164814
847687
452679
915824
896699
680197
39950
101864
441889
658705
499423
616305
603917
345149
996510
336439
915626
829717
284480
758821
111329
16706
437033
648060
944033
269702
586381
22633
802277
761908
982722
887972
524759
892382
609058
943136
712316
585613
964776
87087
707192
972454
622581
475705
495685
16152
444940
867658
952471
161529
703031
740529
270774
234517
626310
385816
409913
720403
216764
212744
829698
395935
743296
944112
282631
556535
861636
475458
433929
69672
982258
101872
580788
576208
792456
826726
86800
651487
932190
122617
181789
289582
167481
507961
709048
745224
77614
888142
938293
770466
462852
494423
722615
596551
666458
627221
623515
932517
5319
223606
563049
25903
317549
663941
189613
118059
157762
693229
214295
685243
855603
684174
973471
334625
807690
580546
657845
598563
91146
176991
183806
542054
954531
683071
77118
191298
227113
946305
601496
300086
274007
299307
661389
448048
447479
409136
535653
268725
490925
947222
919673
341282
697731
569654
843025
97416
2119
303944
525454
752971
135347
514212
755666
669500
456671
401663
199365
70348
507937
615046
442812
895237
608438
929870
691444
6522
360532
984760
864436
893995
976055
228010
923319
811725
978319
771418
477328
501400
219159
690038
948191
612567
564022
8309
680220
837818
381038
209137
986308
608234
26467
239420
799069
963134
920971
758750
730014
98361
609823
508205
10486
431911
715549
842956
305198
924536
658907
153883
148124
483387
708628
619510
430326
999026
777098
141014
820178
165152
474778
628091
540190
66740
93450
192539
585394
208451
260713
130153
960218
905944
336483
944336
402089
791563
843291
308820
174689
826499
862307
366330
720884
139706
720622
644536
745119
630088
319865
75399
337294
210809
95302
890985
491513
58514
745515
394950
868493
583699
580632
932617
759748
50200
890330
616332
589115
236998
364912
273262
155450
112910
38345
171939
650106
878139
963322
969045
395513
932489
736826
513390
564013
206636
368464
498819
665591
977604
11057
257921
63556
922496
171001
756179
886576
275511
910777
885969
113979
822615
568989
501524
449640
96198
206974
302907
865189
23545
610233
209547
977722
193505
341360
842077
729282
669230
544133
536834
330737
99425
746634
942845
782250
843557
346182
139624
682331
978291
310013
431328
317107
544817
840398
795652
420465
701087
774494
311708
254377
422696
94003
81090
923451
168894
89074
875229
580560
811876
413206
457556
713838
150110
802424
891957
456707
115310
87562
342603
162243
241566
2688
292312
961272
461956
373981
310914
162351
797966
522802
442455
212792
482618
169481
390353
779272
80844
624981
858792
150842
57056
935093
89928
141907
726192
696289
542044
814817
496006
64161
185807
39818
593950
509985
227503
771995
989474
757302
850285
305392
502204
471910
811299
605206
255933
115186
496799
291125
556269
26505
5201
642164
407467
811389
294270
952965
721196
346672
337834
318498
278049
936037
385648
735127
86128
215769
54617
432812
293539
667479
505692
362359
79640
136711
607165
482919
297437
84130
460413
193738
794738
755058
891193
109530
89112
607203
845149
835197
316808
531278
652663
121397
557987
802032
142013
496173
119099
331818
674680
445787
735528
605032
722261
427015
452973
430056
33409
493852
493626
902127
985231
246523
198225
747803
236895
11722
85199
814395
467704
471965
170418
559566
137439
894170
386996
363288
577357
383493
96190
638402
298390
666995
95434
562741
925069
877891
53315
15470
889814
401220
347120
82549
269052
435188
966636
194553
205318
999400
934223
791904
313958
893689
62605
834819
728692
986863
271210
91682
976602
903203
239753
276887
550370
614297
408242
985552
682330
855813
229315
829868
659832
221781
546479
328718
320190
904461
784500
812056
31003
543570
594110
460250
135614
584103
502654
526665
918013
177043
520752
335967
23029
348595
385370
189510
61849
618943
469266
29206
174201
39498
966621
762232
91089
649060
613018
368581
533059
492421
151687
668247
920317
663480
139773
434948
245323
451694
967900
60944
943122
910845
27192
34166
444304
302190
478752
544810
699595
612644
267662
438618
877137
186811
460208
774027
356432
418420
98706
589218
100494
833029
360128
427572
320987
235046
668634
754161
253787
201574
847011
633362
421830
798187
45104
77280
781752
64255
330518
625953
959121
383144
982264
748864
207022
35439
933448
253049
593046
989938
941219
196215
565948
959205
328073
211499
577681
800466
929165
254274
482644
586771
917718
814131
710526
873918
837940
872635
731303
195186
661671
801597
631359
277170
865539
10143
537841
565339
46109
604920
882004
923772
641505
38045
449906
749789
790150
483545
74
157678
653226
584576
469455
215356
797062
142029
473191
624430
175259
749632
351560
698096
533387
974137
202750
742764
919443
884959
636969
955954
388140
10526
548214
654884
129946
735917
648711
203318
463746
8056
772441
238007
672726
244843
285256
234316
401630
842738
775255
599794
224211
333022
719670
549520
613981
386464
45717
851906
576182
741041
422600
25437
685563
745885
168055
820449
352763
953077
988373
890315
560490
901779
361020
771278
19502
84128
374225
600234
731434
862514
734816
927964
428882
153359
613677
447562
471980
495744
507187
663692
956860
960386
917385
113623
41562
366848
45891
140696
879305
508149
223897
837946
446331
72216
477526
147728
359941
824923
915771
253457
222657
56569
102642
573524
25868
705322
325040
164357
991856
300572
483417
544913
952012
22289
539547
113424
265039
116965
818799
455939
889
782862
324961
992123
620722
162902
491825
233490
646500
100340
469943
393851
835517
648577
198718
676416
623221
45923
785887
33309
399792
14398
237038
673452
434193
659788
762968
302418
267299
379008
293257
466348
137676
809235
849950
27270
56820
791976
551381
782607
239620
393580
631274
931356
776649
826398
679215
47971
348830
645157
848090
366217
713348
656319
160236
311301
132055
923703
524520
254370
237786
772871
879616
320207
527008
440139
289237
137703
219448
472757
636923
513945
743969
245872
920822
662856
104825
953844
315248
248214
637956
328230
329689
58106
187607
57519
113016
290275
192803
248479
267854
281019
538773
866619
280282
781286
358042
945350
724337
706082
890530
937205
773215
227851
848585
308415
166195
393610
862665
111748
567113
374249
670307
289575
255455
601757
694953
677575
174898
766000
219421
896772
839060
29719
287825
898226
600189
12021
235092
662885
432671
565748
832039
814623
336728
460122
54822
417391
317648
23121
353740
622958
398695
247682
641653
865518
120755
126381
835246
118029
542335
732843
935620
102902
724911
523749
246780
197484
302225
355813
706010
743829
182102
927728
155322
694375
632982
987602
949884
493930
311334
276007
739981
14059
896881
534090
725818
626721
469421
524193
804241
778843
655531
334847
551032
990711
806491
452453
763237
361417
708422
627060
222817
427255
429574
785107
487674
824841
622946
133897
763188
6376
848776
893641
124868
367787
584366
995639
534034
405135
892064
881757
566091
233612
324206
539706
160484
92410
872213
933065
905056
944613
242066
931714
739351
110790
364130
980894
398289
8897
811445
432106
125148
333183
861042
635050
933842
761616
717024
177293
572514
697114
985949
539443
2467
910950
10045
624646
907121
201973
131410
31031
871424
583292
321188
53304
86223
343490
905799
372119
289870
142120
679391
345228
222064
663806
959969
918417
17978
368607
21414
625796
368487
5417
370300
8573
851297
129286
692417
871259
461689
467982
887207
288868
607107
541750
819146
866791
432479
522767
715756
960754
539424
162267
906166
349675
851698
754263
438504
7464
940994
329896
926803
10379
863698
195312
893459
848501
553055
482522
184372
742029
926026
926817
659349
523806
907506
794611
473404
732913
601746
744701
110657
892351
32944
692013
424234
785588
35419
576127
492763
386375
397023
8414
188062
801233
522188
917070
459167
274422
363597
128584
543502
710380
121850
673479
336847
44146
763411
942697
28313
168980
786992
233668
794034
335333
738039
787106
222652
964795
412127
815602
477826
853034
325742
512325
130945
871623
263361
610845
647265
572214
701017
710077
556251
670990
372230
8314
247718
267746
845713
415751
936109
991684
899092
597973
667443
388178
711974
131156
379388
958806
18217
825319
774966
95514
655028
87757
752125
973615
460643
573567
867807
694685
750969
741557
520676
141795
129253
469862
291409
20864
683751
585137
685770
759623
235512
370806
806390
908021
247566
222986
774783
746956
711661
885343
284507
92322
176167
282769
913394
663095
664349
966995
58838
927994
279452
845942
86808
741497
412291
840687
451089
274559
472786
652543
349172
357238
138246
640603
365798
932278
32857
46712
964992
569363
717815
707840
261519
218240
35905
62945
433681
955324
762004
276140
865228
741259
105619
710033
285910
553280
637756
790615
224884
874379
613866
855192
65954
241223
171591
63263
905208
169176
62641
64059
449626
469102
897524
958885
18569
757616
970726
22795
685235
615361
918467
431561
293457
803881
795708
410450
156605
169675
93646
162655
981796
338724
891970
244057
992270
561413
12068
901173
256315
992206
522989
926624
327183
493288
249122
914666
580670
206131
686280
99812
470273
200763
373046
546791
345166
787436
516388
474700
33136
437881
561019
135546
261994
748986
571788
954737
78393
955870
462851
46624
640533
300184
373833
419248
738874
169665
692556
849677
216630
57283
159911
841982
889702
305493
255681
961324
515229
258279
713190
644640
868122
731856
200729
107455
685277
450621
838665
305778
28966
88036
88540
372763
296832
695977
534297
470938
167836
4075
296919
462317
871709
29389
326506
662087
988936
376910
916189
235673
92167
762124
245776
207843
275118
680508
794311
570187
990326
598928
757806
136238
378435
203254
924398
213542
769365
34684
544991
975996
337689
742711
205448
47804
993201
134078
952969
446307
973477
315315
450312
406643
92944
235108
439149
18343
535346
158412
98476
813565
132001
567152
615192
177377
747500
897721
698692
163013
291129
652882
358464
820484
684058
409891
942975
313076
721464
581493
399228
900205
370474
725505
717556
39839
359819
660963
783296
806400
690660
926742
40257
959719
382050
637751
707369
739296
703511
324655
887845
197802
294630
188509
969370
523887
527214
792353
763584
401894
872773
515109
864536
412534
308378
598323
329498
355190
507531
786584
988989
80493
51139
369000
375346
905034
303079
545887
25130
276962
482529
526730
265806
343604
225796
568348
327433
21248
518077
114975
340949
378941
957609
901847
700485
734506
616802
207543
475151
118833
465917
433203
373228
15999
111833
