666905
90971
43470
201966
237534
433495
197857
125384
177365
176928
386745
973365
430443
168192
243489
122751
752852
592099
221877
263050
543639
799193
179802
454206
228857
538791
210995
652050
679304
251480
850223
806919
55272
278978
111155
801772
484626
136176
606771
364052
998463
455943
67690
333157
332592
153035
552756
319979
576402
454583
962106
596825
267179
794579
712415
276447
545942
62770
628369
13731
510028
366438
337566
43088
365573
628422
720729
843897
377692
702556
652316
660058
731034
497254
914409
253
728161
899690
867050
694667
889235
246241
366713
493873
324132
562673
840371
315483
708235
741477
901958
596837
835025
166227
698060
74381
876118
348988
571285
327883
100945
870069
769133
276013
707854
438060
278251
26752
385479
347952
671819
388275
615242
785905
379869
582296
496625
670340
120521
442714
941968
938539
258679
561175
909072
340179
435018
976364
187093
273845
845887
755681
177942
724075
514820
830474
254325
778108
850709
267200
579459
851145
353037
721846
839046
389227
937549
899679
867962
484478
199864
370768
756832
233775
573984
131666
613371
830013
750825
204594
30822
349268
714831
262935
583192
886463
599864
104459
594221
406063
325918
163084
154951
12797
338236
952843
186474
361650
410636
580378
106953
165962
853328
277461
426450
928203
243101
69974
567129
880761
874266
925153
927179
164151
895216
925290
745476
599356
700609
474820
523498
238776
200339
189439
908384
748719
290804
766241
637428
32676
801080
200426
76193
258479
607354
404981
407740
936377
550916
213088
529953
270898
671815
316348
508691
606025
931269
260994
921363
281207
594548
742598
636294
985154
93414
153834
809027
340799
524188
270352
350840
970720
700414
789740
234481
43785
907991
757207
787147
469164
368796
490827
766791
20221
87314
246996
374838
731662
964107
129876
123509
298572
329546
130316
92664
684183
615735
701470
603955
834523
790243
713682
637292
555973
238088
445350
479873
533438
296060
982837
718646
790620
70766
215175
833437
888344
892429
193268
219966
81409
983467
894007
608282
406737
654501
345616
516365
853623
32252
663599
197706
579933
88816
828453
43549
372687
195454
367340
996288
993906
952068
477465
730515
740121
916852
972659
740247
805159
241280
474794
380759
817386
285846
131914
4513
335962
400270
907974
657064
331753
234428
790509
856847
967026
564503
629706
111558
792410
252825
359590
428697
928293
766925
817290
463563
425169
949734
964581
208253
67977
330914
586795
131969
838073
272763
505523
119338
426482
492076
587200
599719
832049
251713
6344
516480
632038
496124
226301
634741
322127
576699
441343
366160
483815
746473
427233
838694
758530
400347
212467
5543
14620
457763
835952
505345
415770
775417
23682
226216
844660
987206
673341
427424
154749
766176
680267
412853
205892
411092
22814
39136
806849
227548
506350
148603
497029
553850
225032
194628
376589
928107
374036
416460
896993
319516
350166
974588
554650
107436
229348
531720
212598
80923
763677
20398
43557
422121
691835
774602
632220
602769
576568
211520
326167
51748
647322
974340
202584
215211
352741
907520
110647
122167
102593
239166
459640
604404
833851
450950
864496
753976
183697
861169
25261
275815
305220
854808
677325
588976
96896
71545
18033
94198
668691
162998
981131
636816
268590
238608
445728
260549
724922
879597
112403
775668
321022
550140
441993
245071
299591
686823
765478
269090
474477
994082
200361
381000
895159
828712
810711
112438
399269
845172
87106
363174
987682
697726
31128
249134
531204
880249
676184
275526
621244
273381
29993
607223
90999
177416
28953
721832
412128
954328
319500
639618
392963
833126
837854
520
419923
606820
994797
102025
556691
645395
636980
962304
367773
93170
476103
391563
928966
896619
60447
299544
228686
39183
332246
225826
36823
191040
972569
859703
143109
124036
877647
841465
692398
300074
838022
151375
212069
963587
909710
657014
672362
627686
992239
549364
555490
945072
184183
903101
632239
596834
557531
297123
3714
567367
194944
315670
939251
2762
251447
578642
212314
193541
172860
889292
918618
511412
646917
791053
181507
557023
394081
18396
30397
179264
502190
36811
410376
733288
501626
218061
278713
619846
262382
952060
726798
371108
513175
163043
49127
894358
69969
561290
492259
900891
335472
889649
325401
872872
602199
533753
694919
319010
574320
469541
752378
465670
977180
669471
775458
531077
476651
253428
280164
844368
213936
13795
861973
385082
334301
493979
632254
258592
992789
936897
638030
587355
811531
531649
25339
900662
154552
520319
186823
614506
707946
135100
469841
78158
761318
292661
547223
729128
835956
128672
153913
897093
400371
342372
521068
145106
208980
932421
51491
160432
127644
283638
779386
319528
866769
373398
661082
536710
87516
542985
996180
616187
926309
495423
873932
360678
641404
96963
451960
441232
795989
664678
585432
112496
589851
441075
698639
518720
259690
733282
203206
564013
356400
732860
10777
565437
350705
44650
241252
612827
491435
33552
745203
872818
890164
917569
107499
44449
43510
485581
630573
357458
455936
470118
405007
374569
608483
44329
232239
619472
132798
832536
694837
957940
491378
32994
789811
600844
33080
940222
333381
407103
620554
994799
420771
198555
872643
893637
624714
824464
68351
307866
427642
467115
17359
312306
43539
721324
657685
670653
697563
886731
201666
160786
428508
807813
927584
77167
150675
752100
982068
908207
145227
288373
632138
562078
816467
125131
748673
420089
810726
307121
112996
779971
458992
820543
624416
678411
29833
325789
633572
536821
939066
953551
510154
86929
516506
607974
976957
519542
410342
544291
849871
435400
550268
377825
667742
524773
380218
179006
317890
878623
314474
913216
373219
599318
109609
523382
528776
820712
67085
15201
510063
199682
206682
518555
96855
280020
776934
752469
413872
265080
588948
828113
508779
99146
187102
577550
137732
904587
446440
498587
787027
857646
220712
235009
309713
361430
3828
49622
803111
1099
467324
867822
636634
525881
551151
980635
748452
578336
459018
119939
774337
333994
299852
366265
120316
289718
948384
232736
328028
539581
419464
965200
405708
273708
250463
508786
504693
785015
511893
487704
764973
929698
71056
736266
208207
278255
208194
71955
719553
921877
225485
845710
675564
678566
802364
756147
422875
632646
696093
339981
251128
283659
503852
930229
505330
999683
554653
979769
686151
75954
502369
331229
391566
121592
782156
263516
777304
432020
653513
457358
992679
248904
369473
661639
485107
964582
11777
898432
728591
32260
359251
534347
298343
835858
175031
275245
16622
653479
175870
805688
894894
977715
42226
558929
318853
820926
417727
377170
253541
800074
840683
208935
174310
319998
559656
522168
58084
476474
712700
336359
86666
724119
499265
219006
224063
539238
473715
917788
540718
323259
282905
301069
866657
344349
732029
697967
418158
529910
413342
435569
691887
41404
306192
887692
702690
22928
178729
245144
862966
883808
396947
844687
834604
271672
27148
866335
364387
780604
449031
754254
844597
599978
551977
119654
553488
585180
454398
103873
610007
147438
778124
283827
987969
215182
966651
557901
133343
916433
4629
457044
820246
301868
293220
511709
689686
614618
591231
985566
539003
688218
904744
387919
256032
185331
590269
608329
190541
282634
802316
604633
391769
23161
148483
616454
50836
481144
470084
974894
961031
917500
765328
830515
108670
20428
800619
877984
237458
32773
861104
385108
257969
686538
314285
480878
734594
752472
96798
305871
365502
228164
649715
520542
398717
254193
857083
452446
281883
136515
770652
577343
328283
235313
547008
756915
611458
794318
313596
358865
587232
578796
170618
383512
728724
262367
470331
81052
819528
279751
898129
395856
19629
372771
223294
354222
569013
13269
390599
141665
735256
861342
502241
684211
880975
531411
995968
848366
23775
676250
760257
516833
398760
792397
389404
961979
143420
14359
821809
26902
397669
941958
92094
351723
476714
272475
941410
395937
195464
489021
319058
985832
19417
421992
882415
342116
145910
159950
168687
705201
731017
799794
530432
384921
456078
945651
933699
353123
958212
601613
311675
397215
393547
659221
868056
949957
878863
154221
326276
277428
750882
379659
112376
62895
356384
162684
480687
77112
77963
805545
633424
429165
753553
397946
742304
448495
90542
211019
914108
448108
508739
394082
356011
498519
720059
617689
234668
616873
593390
247135
984432
756091
337015
316769
915869
224379
860550
612933
598358
96035
340514
894652
622530
911515
760064
575147
650128
50128
802821
435714
460073
512594
412253
543562
255547
328613
605080
371069
458988
852970
440886
429868
711720
534202
309314
654578
622279
212966
209399
403412
365301
638902
750774
434464
179769
495039
422751
636912
304370
554667
667334
693451
593185
460903
794225
676195
430365
715277
764830
277809
979983
768235
788650
373038
493034
526438
585411
887563
600152
570584
422542
826443
904725
219062
321568
518048
687235
647190
395803
26402
809240
118758
628729
691840
34220
163248
634990
17173
870323
798482
973911
675534
719643
720481
691800
417835
972399
628159
968186
251363
975346
818927
575395
816470
531916
372239
460990
454136
619364
400772
898853
919751
762546
593325
518326
787018
230544
892508
819901
612787
307526
995721
362211
442227
590511
833962
122406
364372
125232
357304
344748
987207
425231
692571
626402
916936
829391
576026
181082
399693
229307
504426
43075
745530
60415
158620
493467
554852
976360
935800
824632
338547
64205
706203
580100
443676
445791
121343
725577
19391
131621
400349
630038
879795
887406
684528
889062
653595
965540
323131
574020
386377
367476
222656
192151
776136
139210
334039
127458
658062
625313
699718
604880
215108
103910
640263
729607
318071
897585
83530
85211
832735
948985
894943
570224
516343
745176
526644
528818
930602
985960
94280
306713
121454
304045
106861
511171
140950
756478
151180
143744
603935
370978
442907
275039
27938
54983
399816
612786
180569
331825
194255
608635
178876
139362
519167
960474
944788
177925
748036
147822
507582
413152
213499
76427
605792
831326
437084
142149
285627
533680
683534
881859
15923
552028
995848
238421
876636
310907
471294
88699
589415
496385
137845
763275
590517
526663
199422
915264
129045
816164
520203
13718
946790
976333
732036
276049
684220
335506
870583
406427
109574
28213
469788
904689
438983
536397
532493
920515
663135
278667
764633
535941
470905
139935
107083
238882
850037
951098
541036
734815
216865
865744
683908
895984
777077
432760
746303
451991
304456
165925
764715
761785
225317
726415
976857
62070
126042
935539
49314
110560
536996
934738
888668
159181
98654
399888
191370
307455
874320
285389
692765
724517
57839
931674
510932
524580
315011
349521
614858
849818
333122
835549
628037
508566
777983
663624
318459
156132
699860
204020
190611
883073
148245
830201
412146
396691
571925
605200
325504
85597
206917
188040
265975
87912
714543
833247
171363
151604
781024
397098
78031
156495
681235
958531
880061
518208
755549
564446
401872
240824
822996
450017
942541
638780
579945
809990
737390
427624
641484
42071
449693
703282
783442
233989
459531
256227
854443
919203
82407
135781
917924
784519
76183
380263
466956
990978
773707
137486
212030
719856
824773
536665
149005
966486
311137
80556
467609
695955
229798
210407
823054
605933
632373
584402
731164
971116
727526
643545
624640
34843
198889
955370
368997
232799
856319
907607
103258
573894
775821
934634
233113
52413
785132
961576
771365
18712
66972
611558
45277
989055
485825
194351
631589
232525
280473
142833
659848
93776
7801
875272
244375
828230
558441
670034
872892
815940
821943
643647
431908
307899
39922
558139
304233
530414
420152
422503
502334
50711
340489
276521
805616
634145
158863
980462
314507
816902
23131
415211
963423
105315
523242
304722
779847
720168
786372
627017
578092
137645
680932
232218
59602
62876
119672
513631
346485
917176
504114
630271
883330
320065
399452
605677
997354
49981
46098
363497
624124
876016
654738
755805
197474
477670
88237
228971
369388
534191
971383
925696
196434
128829
716755
569034
308077
72570
510496
703137
334392
311018
622161
205595
298268
959143
926233
82283
834199
318591
750401
375593
994509
53207
337912
936174
699167
827385
829299
831348
714026
767780
813282
194190
602493
258111
239695
358415
726224
955419
225178
602856
107790
489481
373019
503507
369160
21382
519872
569301
845105
888635
274108
495229
118862
506285
398845
839894
844986
353368
476489
100904
859000
751094
250744
565588
801307
369396
276379
634275
787274
816974
260560
530947
410120
141814
519291
11338
886423
107764
839338
951712
980193
632740
710563
352709
191291
130925
523996
524646
767251
303469
209794
742564
669533
171590
600655
172228
687804
428103
204400
124474
773555
652644
381706
423564
458589
714853
697325
99826
861702
840978
873215
896229
289834
298211
949227
979388
653205
851280
309385
571818
651537
602337
362866
437928
38836
93672
700111
580194
761653
693051
214194
75217
850042
974329
756303
543813
112439
506620
384526
20870
300496
571311
980689
263708
440915
860005
178834
53716
84841
632448
744023
288922
524906
397113
244676
247692
56879
683073
590913
749571
904761
841101
814737
907655
486896
931366
798360
53309
447378
358535
574652
862894
712995
586639
739362
435214
521415
799019
733177
352631
150391
509740
315942
445517
147844
936043
236661
708208
787257
927141
624559
554782
242976
902897
504889
799935
428362
573058
337688
529520
587913
101273
101983
665705
431020
722501
815535
379758
302581
537267
524514
147943
407133
907133
43837
285591
880570
714647
841650
118877
843511
610551
24281
213033
439330
195079
533064
562828
385265
170584
681088
456067
939381
191061
882171
713211
593301
411267
258304
544774
520051
765850
963150
261865
772262
737101
5541
559129
637056
185742
111106
380363
206013
909427
422471
833974
360086
367564
801103
958461
543089
564552
646558
878871
294043
72987
877573
339784
696022
248511
702827
18929
110606
557030
810685
132661
669394
441706
900096
855343
266530
372350
7555
285250
774983
809067
107760
71499
255037
412063
881116
534514
934218
864821
458319
507782
684804
984009
540702
687984
45437
881507
696369
168571
822953
492361
360407
273391
422629
209288
985687
588645
401053
143645
122417
227450
810845
902581
659304
235993
542159
536282
131506
457259
508797
702501
348245
187733
290960
86040
639575
657530
886629
119236
57132
363944
924398
671743
793907
695476
632356
534635
21193
32451
694163
11248
555479
961056
723664
361061
879295
287296
211800
252864
630335
492056
515193
181812
19132
499384
879327
596618
968835
6968
336769
943322
568163
137583
942443
12015
649148
742492
842321
16472
735328
993688
259069
75033
862931
366144
694719
943709
430042
436314
610517
602128
417812
126248
513605
329055
751603
371458
198618
645115
808971
674043
841095
431879
278351
531870
248036
569184
758484
228010
305373
742814
19211
622695
495707
234393
532296
55269
128639
205049
424639
161741
615737
687258
11671
236810
288264
109313
794578
754268
352157
65281
860340
804291
489622
220116
161542
882859
404477
609018
439414
971676
711424
920268
310
662666
273987
588933
425095
428133
109890
185578
391378
399997
572414
695602
737071
380172
839138
165202
747889
950813
658254
71721
467441
432400
197033
847295
735215
604005
66517
591351
358017
55338
547271
234739
522883
173476
312472
37007
877180
984350
428390
539692
897299
442470
204706
50401
737029
762619
436581
78071
501654
25836
507675
983717
887735
809061
992517
875020
154963
449047
521682
353566
986076
275677
759455
349626
482758
310984
268272
882140
352178
605138
390754
259644
701419
260202
592946
47468
676481
776307
540293
60155
212653
313760
464583
752270
390059
625934
749806
665529
533884
67291
340944
97072
814938
219287
575449
2165
166331
991961
231424
413140
388977
455129
415090
8721
7326
440492
205016
377758
443834
147098
683262
767487
39949
912168
270846
509104
909334
214949
491958
908386
384731
852277
658596
795890
935537
830371
412783
283928
556472
222633
311583
326576
523091
911913
339911
576378
143407
284689
227788
746927
194595
196120
445720
640351
295572
994537
854740
99691
539038
538521
410067
131200
612801
707050
624276
787579
328477
175282
765910
264910
400675
910409
695226
312246
418222
191439
484845
142423
56424
76535
120909
948864
818684
571543
575903
88048
763520
311499
968622
823318
302665
306932
683786
486689
734389
826344
665935
153196
925031
351110
348312
178480
934931
258738
959626
571956
336878
543765
561366
349898
25495
20909
493231
497516
657636
590526
729110
643671
852246
569164
293753
847163
507843
672544
345263
279451
521553
675216
906010
260901
803772
884430
469941
598500
255286
26937
376337
80451
443060
732704
91688
31769
468923
839999
472867
386354
175497
316437
833255
161235
483898
105625
359735
521936
631756
777024
354468
337007
392168
233613
14241
867885
585292
71278
789622
7513
858717
495409
333501
524952
516978
229035
359900
637527
388220
737814
692426
806506
349598
261687
743834
704621
442833
558936
447613
198824
734289
768800
419123
690
735021
64522
479207
198258
374434
788255
172479
397514
808134
123741
524775
778024
60573
251683
457309
496678
515386
381528
950011
97165
223068
835040
888789
130409
89554
335896
710487
169376
18844
711828
657286
960109
944132
756122
343269
211743
910470
478974
177871
671673
675313
225571
409439
9664
974410
85932
919428
759312
920827
359930
728231
179758
694764
895672
651253
527642
376405
990399
339371
112226
905633
213100
887182
827255
468304
523995
604713
595334
953989
335900
326057
804079
560774
282357
435817
422832
772168
548264
910759
625847
456429
903441
91392
919834
253368
305937
675736
778757
767650
133248
56381
424570
692889
881990
258168
175552
519310
51739
889168
587919
140748
490553
72806
435985
823630
732353
46088
658270
32176
485753
497775
322663
557638
824291
753532
157005
769846
720572
763781
557790
637423
626283
154665
482770
813507
377327
339033
525199
491580
672088
817417
652558
450176
495429
971787
357773
282931
452540
326078
509451
80081
669728
207834
634334
442017
437286
824690
276851
72191
252319
619140
835366
764843
659064
664279
542132
680004
416899
133326
390666
74938
447204
414021
528618
221280
558921
834637
840640
955295
587956
651177
486233
322706
171026
993386
704126
732472
340774
954198
687162
939720
329300
110834
297056
16672
880790
300842
362839
206714
200249
760876
22309
896203
945670
750016
551252
283631
350484
311936
237731
985243
352681
230393
287165
615254
445884
164108
164482
946832
574729
844542
643341
643075
840810
264138
950564
394057
379068
620953
535263
665183
219974
198918
586108
750785
173018
562821
837490
681498
145721
891954
227682
521081
513274
217528
718005
780930
254179
288863
379808
659154
552587
771839
928415
205965
478316
614683
295133
748112
67896
963429
291234
464782
752784
695398
129529
756353
988948
537242
602650
73
493833
988032
781066
901539
609180
972661
678994
185445
262432
515974
742101
119136
400687
258759
971038
808122
888793
90081
856060
984169
964448
75229
110462
230295
903802
825592
342538
520459
550739
696260
775799
27984
105974
761663
221305
560511
660063
83194
461079
49648
686302
766765
743820
93220
632419
491492
885862
704190
204868
798803
64131
40784
244796
546455
809814
546490
120709
681381
966633
798565
796951
794455
81419
486140
795694
134746
146622
546215
93090
310677
872902
424230
966338
142356
518577
86707
459872
846261
432488
355230
242688
980209
313006
834642
939121
594610
102679
718706
352256
757426
182333
78758
108236
510271
511162
194562
744173
425498
228397
398363
619427
544442
645182
982780
508540
706247
910032
599427
311325
149326
988839
400118
568822
948186
606502
863001
867579
96974
554530
850208
477446
39913
757058
727625
241037
430691
582627
33949
476406
156375
142642
654439
130684
312652
295766
459839
279619
454252
497383
666201
589762
26153
661111
228922
785219
555389
173493
833029
410094
308810
200534
691587
984340
29692
338697
961410
210368
48483
111205
940620
255236
78675
118476
54011
247199
815725
823458
689832
830227
826159
15038
913485
390126
174010
877916
530718
147722
32699
194644
168850
342197
895922
186513
525804
641185
977162
363473
511000
46700
149567
930918
490790
290735
293172
374199
308429
989806
26761
389267
925249
190990
3166
252296
639090
750337
207049
962839
159243
200059
156711
164196
398609
430455
788166
715680
821870
167856
743716
880409
862015
142137
516258
868644
589727
560991
777141
453893
244608
585798
708137
507055
964228
441405
116798
184431
77156
528866
720781
339914
383318
807875
860670
729829
477344
8787
701921
522515
556826
561074
506988
694643
598011
211150
850135
741026
711701
175536
362313
377148
645752
802081
822682
865467
718414
463042
133255
533672
140892
606328
456664
402160
703950
822109
149134
745600
595363
838807
871118
906341
78091
428241
286688
616072
140408
913905
658164
542464
946592
280956
550030
639986
20057
566792
777425
755617
876461
970292
191044
924400
328128
201327
699057
153200
991217
779457
236167
619481
344874
91493
333024
543194
480154
25508
516742
587788
79951
826899
464269
267302
770256
175742
440931
226318
264884
192512
497353
956864
220179
975059
893019
963655
709512
988924
967004
753630
526786
909024
98720
820264
403044
493782
947253
687420
246100
863568
213632
159343
298829
437384
720078
462086
769264
415201
460390
982376
479459
664039
753533
169702
67194
687069
473318
249633
311925
228137
216699
645060
13277
83433
106178
494114
490885
827981
995229
205650
948331
591377
454490
36337
581409
649138
477273
942178
563597
474178
634893
865646
160698
308289
5092
377504
542500
582837
914699
257135
141020
443928
834567
814852
602364
98328
481899
309425
580637
74453
128149
258523
480852
894707
273251
920039
25484
224708
869480
500980
229860
502776
913398
57705
508942
144186
809356
930617
797505
781732
14937
777359
311443
855320
699964
637488
797956
952267
41879
655385
588723
72750
908615
804787
359664
475563
803358
446670
803207
234384
303131
721348
540913
489312
639542
816718
546378
770934
759578
126242
37264
318764
735959
928732
40080
497503
832166
288334
293240
83370
984292
192489
810000
347874
935022
430424
613441
737321
738728
863833
879509
950117
615111
336257
627779
313120
684775
679891
600333
367812
487050
181965
585866
583963
634947
932671
630197
94064
284284
444990
670158
259602
892480
41945
19443
281203
407951
153233
778211
921901
615748
637461
348030
893428
64916
220849
228352
699525
72876
429233
52445
806435
4577
495548
781990
836542
365848
708794
999820
113087
358104
964163
496565
505704
530423
753485
197185
450633
146184
904206
190613
358163
520969
273218
641884
493740
961904
651540
847802
337253
437601
776149
786776
661508
388582
589600
791105
891177
766713
387160
164644
462697
690307
837975
220088
111014
233620
802653
699127
620011
734667
117644
648229
901336
693202
165840
107266
868009
926580
955889
917670
866732
311512
502711
820394
376305
414706
832365
865154
616489
322553
599217
646151
527186
130132
406700
320316
436873
816794
447881
958359
273160
837082
712226
975140
363330
328933
600039
328529
352745
924898
249718
964918
632820
557592
133037
555657
882215
370652
154568
738552
45043
430803
981479
420255
138347
196824
765799
767852
54039
663689
423777
796615
131263
655840
78867
88104
624907
210009
483321
398534
275912
464325
155045
765206
958617
296888
915839
119429
971469
494419
670041
756978
52270
81692
49244
274962
484216
470258
77165
462907
127570
584276
260493
686739
166567
872413
474928
926872
167707
584263
454116
859604
866692
184956
699452
927702
867443
170016
900123
175446
183032
367745
492992
768
617275
600577
511370
848706
294152
586003
364910
401324
782435
289501
310055
848686
945105
412870
503205
122379
196976
956260
135071
435876
511482
7444
971681
219429
38728
326110
346584
65100
41397
815006
393620
367966
359921
248902
870918
662455
972185
558355
76512
918358
30980
434972
386394
437523
957711
364787
367280
191602
698042
793374
441003
491941
81442
239646
323435
541740
480604
434469
102887
741316
936402
945614
626507
731923
274939
417931
946471
499541
827222
86229
122953
172239
500548
298078
55858
476393
103594
917746
469578
645454
494642
272754
780007
177198
671074
225421
772946
221253
902106
68017
441850
252583
831306
128940
960305
233512
567215
708480
882486
168422
919942
544244
118536
85099
690470
435376
343774
383922
904228
407787
233943
522720
253384
559952
730497
581640
698667
298167
49828
542534
652346
3899
810456
258440
752444
263522
248322
15809
809928
105794
210397
888067
559105
210310
73201
286177
828150
684748
918534
663589
866935
137852
914935
497839
470230
682487
862072
578740
919994
446430
762337
63654
413119
568346
638324
527309
208871
169318
846910
292672
276320
134490
875991
578838
133362
185721
570317
493087
528002
925523
513760
395456
557277
658837
415147
146356
865061
368060
537760
121411
718724
605733
142930
463279
465080
212834
935832
642831
189937
703945
352657
125614
244402
715613
808189
968101
836172
178696
210021
906537
484490
335782
68503
505400
228635
558812
311710
650319
39468
870313
969679
233976
883611
547793
206847
255800
744762
938727
609278
179429
878245
647666
496217
150125
442655
219267
570674
451243
914783
418026
571037
912958
763449
160827
72196
799594
72720
684096
848317
635569
401848
146959
779404
300334
307826
576046
396035
644832
123815
599911
240551
194674
663583
485652
730027
356139
796999
695308
183983
696534
936759
527393
593992
729698
229
515491
912670
625431
271507
509310
905692
896
262020
798815
804703
995659
810617
422117
842025
829339
735283
27343
908538
289791
557695
566587
312443
823690
985061
746625
362616
14908
859061
339184
543839
485007
375992
397156
278589
560634
251703
662905
539456
343237
316879
482555
464568
743047
932577
224210
600015
245184
82762
428778
786347
964475
789686
775488
515785
210212
839088
979808
703001
493933
62161
708222
982881
986856
116223
475231
112858
505218
84305
322409
959732
739664
262329
333295
869712
437952
533960
28852
398231
835367
406976
306377
197326
655602
563750
318466
856092
274775
989060
87047
667820
56205
928191
993407
39417
332400
600568
541462
805994
805339
599216
697892
600013
44938
536235
648068
831559
199736
417067
677413
33136
184325
739400
192018
859049
801199
953029
918175
425310
18735
941850
719786
854887
191055
140092
741187
731334
837717
8570
689554
784489
821383
140079
899363
782344
796702
243205
167070
392793
282874
644891
285724
293408
77633
327873
247381
405232
163098
893730
26907
584738
553383
976928
376474
317497
244684
268210
220341
735732
105704
975924
908302
157266
936165
704889
982107
576851
184290
137932
569561
306121
786443
815495
92435
858224
14294
448390
957838
628820
697710
157994
198839
545316
162026
63775
320120
422287
30819
64414
360643
758979
788293
733903
657149
563054
404011
453665
817133
955268
43186
797506
369746
794992
35080
422408
857577
716883
12494
182396
858069
434613
783821
766265
296642
297579
396891
626087
922090
387115
716623
273641
281161
963148
942683
436214
840022
766293
785231
279572
100131
247446
13226
852314
374892
341227
600057
930683
793383
210052
483473
470207
112102
765674
507564
640112
547167
238377
353711
8725
190581
868059
741621
900503
435731
818381
952983
369259
596798
456912
677103
162790
547605
189224
193695
609753
474182
220387
510846
275638
691180
26508
769787
687030
40082
864931
915448
491557
457495
774489
650016
841283
295441
936832
908610
425461
777157
893856
978018
599984
677958
667430
102789
702908
751122
952261
506811
964136
452934
102376
612218
427570
601539
276514
856704
276924
519000
197485
269540
739507
741860
985181
190466
800716
915449
99972
189574
128769
636587
123907
208191
914082
692023
488302
25026
983963
418865
414840
946361
533702
523909
455264
805945
342521
768816
603614
72260
314212
643379
629097
400455
854011
373047
350681
182808
775780
900523
532117
105521
796877
619592
976471
465556
961321
553122
439769
738945
438468
515909
290197
762250
472736
668918
715812
751029
300353
603542
53238
299908
415276
438886
634270
794240
768411
242853
948249
473669
243793
371996
183893
215135
324253
197839
314163
983321
445275
458681
817292
285110
529784
178747
357727
703259
318705
593124
8996
83431
695195
942699
488033
105365
117218
302508
976825
165031
622630
260189
896974
310341
65725
66356
16590
699858
464638
487607
307661
770552
138871
521847
715033
476514
646519
300202
327602
318988
813910
425897
735984
354659
361075
738776
438402
116948
4919
725387
573236
962353
790083
172587
295940
365417
512213
365592
908882
672041
595241
57109
173042
126572
134992
28538
476093
683792
471053
303651
469515
976331
54473
608070
661194
310241
144346
303546
514068
66204
321262
409708
832717
449018
494704
932774
719103
378317
290344
798317
955374
370996
988480
748858
793958
304730
93480
303064
82936
46697
305479
79745
783378
302245
600558
453459
445405
673477
71698
129658
335654
485170
500912
721724
131529
589735
707416
821926
932937
29344
947989
811259
745616
688491
832193
945649
151954
755832
696317
965943
920123
646968
199816
678771
165596
527925
964930
299554
15108
818231
231594
42157
113190
106822
616266
579458
843556
202248
872883
443925
148187
486342
770362
484876
991842
713103
469674
243323
694050
287953
67641
32478
656540
780244
637370
230072
852896
26475
432664
213276
263974
447407
100162
635740
263486
395784
865352
609995
462847
65890
826375
330283
29804
620442
536570
780840
139247
241655
963799
811305
19396
474609
82835
316658
380459
57829
35618
776364
368068
937865
460706
142451
192754
504009
335247
458280
361981
671007
787563
668839
859472
36864
613888
458544
553183
347851
859004
372405
606277
29901
301741
334956
757903
697488
273028
738087
27462
62209
329548
160889
51532
251510
563057
502243
59732
54073
649943
516910
454173
811387
239714
251251
504388
594346
128626
991870
963919
459914
881569
644966
108354
502156
11155
918008
219646
695486
65982
513334
386768
456595
616937
816002
300314
509715
717202
700975
33749
275940
555877
509862
302233
757081
221173
611624
660495
854755
551621
279949
182389
433834
281071
1603
257196
517775
174763
874539
547968
526707
305547
963701
673368
589848
186064
477926
116216
702861
65093
157393
442117
161366
158116
33978
515944
691829
173007
425017
601899
444818
745069
922415
168332
206031
722544
882048
999570
325638
737687
895867
195534
135092
22168
800788
631617
165979
28792
501966
638895
274633
881405
885346
695127
131169
497337
889363
565218
798335
290130
873770
202609
416057
518656
146632
544549
678304
9940
94016
401843
522661
806112
443807
80685
288752
280307
257282
960729
808181
265268
403362
370045
573863
588753
982331
518514
119525
581484
439924
904733
505811
729814
430594
217943
648612
526331
521933
995940
341878
704606
950358
916082
107251
464479
134764
479408
729765
758382
149907
470555
481902
814149
353497
530503
37289
453645
402815
111358
800538
318398
447619
961756
710918
402919
344397
321609
918553
76619
842424
670666
255737
21874
49365
71893
985900
808538
575555
81453
287825
396957
615586
714746
964095
87127
987974
36267
756930
156288
1375
461246
782710
697386
592576
312177
489511
26292
207036
978470
807127
331858
873168
601867
50265
971478
916227
515712
200642
30164
462179
162387
333473
814940
282497
533157
511781
391942
698446
186457
638416
64934
106304
774270
257765
211210
348088
959613
754429
778407
585366
412532
895953
425706
145914
118460
577253
494273
867907
981510
259450
368480
324294
181366
317077
647229
295738
536259
644909
674998
171926
949064
548407
349291
562620
189240
86950
867028
782828
153239
3977
206023
692475
802102
198937
517159
655994
683352
220801
663104
357344
894160
734959
193635
941217
463610
68670
649648
448731
455783
259323
332986
774785
691144
950066
820268
726307
428946
107690
427581
580983
990410
183050
695951
43526
245139
833054
159142
866749
487930
676369
255418
635257
502643
59162
948848
766216
799010
460086
197885
910576
711223
581052
744710
371055
864724
49951
598955
814092
795829
141836
549651
465955
763022
879701
829955
493818
336426
679363
239881
966617
548791
423429
328416
383607
180843
501761
244220
283717
505703
712119
703270
133243
151489
819713
638883
950175
420663
782791
846359
448699
569560
140825
220104
558694
991664
465968
438120
463044
620695
916478
633843
563980
878058
497628
743874
834935
344335
43911
240396
633184
493704
675696
723701
67128
712722
98698
338559
53036
200062
255057
699222
45319
883668
254098
246376
827101
720875
646054
851894
540803
924697
734110
370817
40127
558765
94510
646211
639695
591142
937623
741402
802448
570398
385363
989286
451149
689847
160874
775105
618719
629876
865105
321548
948982
461164
598489
173995
424595
71005
203014
299638
614536
661043
652121
739287
223135
210886
329240
99595
436392
507302
786025
781035
48932
548084
432239
461647
465468
918019
866577
99002
124192
464072
406174
904163
59056
508813
679169
430209
422609
660851
412522
973526
9323
951778
48391
870959
97700
946383
121096
832658
812708
495996
208618
147314
309364
345231
853794
554072
722138
441154
469427
716738
309844
645723
653712
956514
749812
942402
557884
196461
602594
418615
860113
283681
768806
695193
215177
415632
238311
554687
773097
49734
691425
965449
303641
551432
644651
170055
979899
142174
917676
244065
56439
251518
346915
186107
211888
181650
747476
617919
12865
588271
554637
122426
294045
262188
857265
915280
308120
265046
215267
207751
18513
250675
900468
629962
467722
365166
32269
974195
224329
768971
554275
295286
844376
749956
761244
968830
311013
138132
69958
142617
847054
280041
155739
223734
110377
725215
84481
80978
769664
768183
794949
829208
963774
927159
672168
372496
917471
97176
337326
786214
93858
965902
395450
405696
479474
539960
264366
6494
362288
604033
752815
995697
95646
879504
196507
885334
539738
207209
781788
50782
181236
787954
237706
405403
457613
758732
903379
480205
412627
95528
303693
367506
108210
462385
846066
921456
702582
929774
764736
518568
89693
229395
138970
907320
583113
300325
362545
876932
390958
79704
830203
251203
181897
764907
288397
330014
56264
348180
594189
550376
285103
782742
799970
719178
853332
702209
138650
441692
442572
278201
550065
651151
41181
196703
666633
5331
556863
726578
699070
255374
495601
655532
407229
125481
862766
845150
137295
635871
390705
502530
817881
384074
188737
340054
710177
808471
475245
191879
486694
760626
500513
731655
334579
705663
974097
80184
650610
745326
226825
50624
13910
954603
420972
287192
195465
170444
999412
99804
42443
370491
892175
376876
582562
951688
883079
888286
926396
213098
897991
83917
756138
818735
376146
984428
294639
130848
156067
463423
634906
725172
572945
689129
387734
386673
610074
644000
136206
144960
139337
961758
884465
116478
575221
400116
488824
941805
597883
924291
814347
720587
168512
237362
530369
76680
230336
108356
453805
323941
734773
792866
10971
617956
126856
549212
430249
6987
385696
208374
689907
44746
304106
104408
895575
113006
752172
936009
954573
248652
341962
170867
215111
577348
261342
608053
396214
530434
730929
538001
16898
696645
508374
351461
408992
849672
157916
658098
259892
907065
210242
315548
669640
634479
355388
50575
600776
239095
352724
266910
824287
434142
415889
71477
301897
758110
481745
786399
611457
805262
779498
365515
146709
695033
902166
656118
260936
379029
351156
231910
153023
600637
803255
178005
127116
226395
937067
683228
524999
683099
437872
275586
363405
177648
34547
983388
862690
865284
992908
856754
839945
992643
152859
614259
656871
906738
977687
956613
769214
360181
124953
802079
341515
459905
974462
113623
341444
805668
960489
985335
714782
293844
408496
647195
971704
207850
251021
414727
836560
213822
79773
480912
845507
15920
367929
463807
934901
352956
436521
131049
567629
267557
427389
680904
882663
597971
740495
199520
880673
529842
64775
625174
256796
423457
485211
554332
607970
479025
116575
501787
55517
382968
421266
357549
272647
406616
466062
256784
603743
352873
882419
422769
737956
148873
356185
336759
946752
366483
796116
135728
75006
308510
220279
875288
602282
348000
288940
655754
110523
55628
537956
917061
627413
148422
846859
133963
86426
324867
630504
493755
104387
34114
365909
238829
361243
234486
556124
170763
920761
819791
603286
894249
191676
865050
224253
704710
521252
146272
907317
898875
772679
357695
391856
633828
691922
87805
332681
161341
889813
607006
578662
354908
536461
622087
21003
54095
484020
30602
987717
756080
527952
182215
445818
837193
2055
173687
854602
322501
894544
788083
445423
656501
385862
99130
685204
661127
756371
778538
915428
848113
277043
898433
141482
834120
286827
97174
364624
444574
217767
526751
395071
477531
372102
867402
641651
508621
323643
845440
7948
978321
352726
437914
89643
85137
395855
643133
914690
304505
605068
797192
400878
703871
730837
633603
976601
557846
643442
242930
649833
373388
663063
440413
216128
287752
220522
577591
839598
602377
406900
750974
522127
334980
227319
20637
420999
642226
860320
304478
861780
957264
306963
534532
482939
87494
360173
600177
2962
21919
931861
655583
980794
177107
75887
852959
441008
57330
371166
221138
311094
245773
347928
891383
672667
656693
744955
145351
147998
691675
774646
378716
643056
687805
971240
639865
32311
469162
898377
618251
427896
607300
554825
345807
820102
35077
94081
837563
648430
9122
630569
120856
706791
786460
793732
859170
233635
855006
369994
9641
435056
602719
839966
956126
648366
520454
627206
592174
794975
329586
501462
474242
37345
88892
406567
204288
576080
546240
683371
788905
431131
818493
538515
442387
951487
328610
300953
515805
947228
341821
851961
439527
500482
850861
339515
293184
317272
916162
834330
404720
444847
712173
772315
979361
917241
795470
714521
897583
737031
509909
205198
932445
126283
112484
884179
135249
160282
803677
426812
473504
712797
96942
329416
709390
51035
336191
383772
42359
180596
597625
873226
311971
691313
570676
178582
921025
995958
616431
104881
251634
856764
840752
338250
961314
365435
775786
122412
934614
713410
393651
596169
87471
72870
408039
628297
209521
146595
691211
429834
123662
488916
690191
946772
377407
398648
453428
266974
53846
650837
573006
676901
723294
366484
280880
972519
277228
49493
415476
449707
839187
373544
312197
465189
757638
6749
608610
369754
809604
63572
845973
539950
296912
544764
871778
695578
565846
673692
233679
103804
905588
367295
282079
883464
707277
464130
672087
504501
587144
39318
224982
180126
39737
649912
254250
645308
343745
96388
697781
777907
877341
887900
60260
505667
345804
734984
153470
755554
68856
890453
292296
986838
324844
865150
319304
729733
959876
468636
75012
291069
360455
56754
838404
531480
860551
427776
22901
962483
548469
438891
284312
40398
263769
430678
824080
341292
70262
872148
822594
474994
25052
812681
656269
182923
328631
736389
464114
99768
815291
547023
643922
277727
387498
751950
419872
579782
206948
73387
942758
542535
105020
581050
520816
693365
55601
506128
115116
357891
671996
581078
849625
266660
666901
94496
731297
83873
793909
655256
410995
684714
228357
493403
549055
988104
207862
267576
75133
611991
885499
506747
338540
607533
851820
310460
937479
912046
823669
209866
70910
599245
378699
789637
671367
727429
925566
348402
494730
422869
595884
742340
973698
668127
790034
91863
851573
71654
766134
358906
919894
922951
357396
938888
848184
858633
302100
322598
183957
461650
745271
995463
961719
592559
182169
237707
730104
614854
334245
637281
191036
300624
183674
528386
73442
667748
589133
336545
827791
63276
844898
436923
917261
511226
206539
12419
35375
770672
222605
953764
777341
467632
835400
545280
49454
568121
762384
920120
786452
599681
979686
513200
991928
245475
922223
805842
596336
247045
445706
589280
683315
495842
486397
338587
560149
448968
188462
946360
974846
322357
452055
87196
375587
960256
513308
366877
691105
820155
389956
223183
919182
988896
659591
46325
986203
168598
434780
395882
867722
324614
569493
111305
283690
622420
154439
548310
784488
863916
115457
328143
487531
526503
164631
686694
954467
588187
870790
381065
134026
692875
457647
787705
711343
4929
325625
666134
107060
781195
1945
679961
417240
647275
750368
673609
687363
948440
750419
363200
827843
387163
654213
865349
151080
177725
601988
826671
332190
476256
119293
865333
51523
28892
668952
901989
898970
153725
346900
73946
160606
394295
436269
435812
707442
979102
164791
768359
776105
712456
816919
772566
962867
166636
928824
205589
471306
673718
966850
513971
193271
292965
35235
948062
739538
263635
745650
533505
853120
77209
128227
410157
369602
583044
375603
628296
848212
314005
101295
704479
588433
758733
592491
493747
502980
313346
891005
274914
666329
511094
561206
791025
453375
425020
821944
656435
18184
138289
999380
318277
866380
640020
470569
872698
865902
578462
471702
716526
147545
167245
189806
647240
10302
766145
475217
148527
120628
656901
548338
179466
960199
892609
377367
466860
506676
793994
692813
772101
34712
686093
779192
224986
591347
875837
662372
268430
617267
308966
63854
344179
723422
711217
224136
189813
599314
929126
346766
18371
385132
201629
373888
345476
545552
232097
463796
978078
775616
302885
683189
166808
46160
31993
917331
653110
765587
247510
9293
248418
406877
54446
934065
538013
493396
254509
590991
265887
679007
875732
212195
183972
583605
892340
148676
154126
482950
634980
271808
599204
722337
597942
729754
326117
192647
359411
829775
504976
705768
405481
128065
512216
618924
912216
523659
123854
474424
893051
478537
87147
817975
108344
614591
416644
813467
505508
653224
705643
623390
252961
590662
841305
164721
490466
142438
132314
415203
430272
620733
390420
661543
447288
527704
861248
346181
766663
729998
417915
14076
933295
417507
148278
837409
893472
217133
435907
913454
225590
106196
489424
666487
301714
158962
890720
14206
553400
703998
658904
759448
854499
66793
746300
194711
968426
594850
62410
952512
148770
520262
334557
493464
710157
898659
400179
50751
730553
253535
452117
279773
507760
193040
133475
221347
829508
814303
72384
217449
953982
192409
587619
763810
354864
653540
941501
241897
417055
776109
789192
267190
301610
866631
45689
976312
111399
396524
638916
526077
108795
872179
682461
105551
745612
482286
468060
669147
333376
326207
715075
865267
869169
444782
506312
738993
414413
524435
515527
62050
328340
499824
698317
260904
462602
532674
224234
608462
224252
368860
700565
738000
795906
540057
814773
799518
91512
226620
206746
691394
217522
472106
475484
150581
509240
334083
581271
972213
80146
759532
408106
400972
961800
33651
13680
78020
964943
202278
415951
776788
452586
366606
853178
775497
689479
625924
669143
738217
912920
688102
555240
793285
461949
80432
82802
274142
668513
863475
543643
409736
892249
92259
65081
178340
870801
622180
69308
114732
22820
898516
458583
184062
854267
854290
24351
578189
494097
353079
991908
838048
841136
989955
276649
6041
481049
362598
182946
398473
263891
548428
482910
761544
57719
830120
496287
923805
359831
164526
293473
503665
815047
587822
309572
415517
870009
864806
275372
367139
206354
399538
67270
946733
700714
899969
730124
943116
202226
496068
106959
574081
715933
289346
136042
323975
158654
717236
369362
703587
240569
371508
419608
838624
513595
695027
733946
623161
756244
81421
9861
997543
469891
278956
204533
314262
431699
382562
59040
396384
79738
54175
179163
781956
430248
564764
638214
181234
2261
140099
757731
335937
841002
776277
898460
838211
14783
791344
714659
625533
607554
603571
824066
70512
582571
758264
744560
466864
723718
769511
549171
817901
56389
840148
838197
435728
486736
281383
114508
805442
555233
974354
39401
678694
518285
22397
532924
555414
437032
914351
256909
553168
398481
440323
494460
22203
941269
159078
791531
175426
704271
600338
613833
576872
468313
378958
264398
689908
870676
517526
67369
439257
206757
565432
823831
338991
700822
26953
595156
332125
204426
910908
308552
100592
181729
813096
719249
157275
442996
400290
682369
73777
15075
712411
994067
494920
727098
117866
928239
456766
172460
203821
516899
915584
703826
557238
401539
499026
8245
493639
947734
463103
355076
453992
699118
139612
225249
527352
716192
657349
979275
402392
492275
825683
733197
965212
948720
173137
120060
58485
766039
206846
54105
579551
239093
217577
906371
422087
808013
89377
124059
398578
491442
335009
678707
248215
904993
660153
49340
598392
147462
386205
551168
743318
754462
495720
701543
129727
647718
426101
38447
892247
225082
679065
315566
50031
528561
466199
228128
879824
151932
70342
845759
991096
750165
11455
849853
387405
3482
785120
773454
140796
849199
65352
339335
143505
571942
49744
944966
876397
298961
258146
471888
868174
966613
952440
461755
885647
709246
772950
990096
857033
439027
222104
748152
984795
277133
361588
747180
19794
705214
963926
542154
928452
886803
310835
676810
123611
391242
937373
145930
561819
168766
682202
895663
393680
45529
302442
547194
909230
296754
357334
511691
984206
357012
578997
695352
722257
597025
365822
241691
556544
35377
302661
181618
182561
883317
316550
424662
214196
742159
522312
753370
14162
936664
764476
26268
713859
878586
64665
490438
8886
835306
776650
655958
964741
758176
782395
14827
6791
855053
604235
630748
394896
46763
367614
338033
604509
747600
446261
249779
514871
790885
125466
591324
788274
54152
737442
734838
943599
334177
338412
232269
433648
391651
507694
717063
625124
811927
319214
54431
811216
911259
651441
517536
841629
286585
935441
817037
750689
157760
497382
312355
192388
647665
157091
170255
328782
908188
637379
486790
253052
716696
567074
981185
768041
847798
914842
116532
193673
917457
603790
223879
600068
674403
384749
253787
665369
831098
135818
524905
869662
799300
62861
887655
855998
912630
494182
892273
865053
8079
789402
525745
104536
211735
84996
332424
963901
678360
838345
333294
681292
186307
676911
614316
822169
987616
336293
85071
60389
951420
490031
849490
234423
707156
88793
370181
19674
539192
877368
690636
538890
702499
625181
722324
495640
760865
937301
511208
702832
245070
108362
694790
360071
151200
70990
252420
79918
514223
351554
881690
703635
165083
472175
918091
972065
423986
163384
390228
164029
744068
636914
325560
98869
789780
466679
641332
222306
464307
192762
565959
141765
319047
512510
331172
253770
219336
991883
6712
695139
811517
459919
872653
570194
907706
282142
626084
166031
720917
644134
2789
519433
153544
243717
644362
347718
251332
688678
399324
314353
633309
776490
850847
114873
588583
545389
191264
955377
299581
955809
805599
383753
798881
155539
831980
656470
416845
112339
483555
980278
202210
566507
488417
77489
247377
975798
195734
42992
889291
801297
479232
880057
219054
671289
397809
589331
483502
77984
516350
341782
294425
138611
452858
540869
787614
85555
283852
112995
957685
241451
542415
525806
316054
296033
817611
595672
554497
266150
42263
105781
563559
945447
582225
325882
533396
373405
377713
52874
191172
243506
295265
958929
14473
537157
120078
688121
965052
617698
316900
93693
51947
695156
400277
641475
599081
249884
688385
781887
563903
891769
260031
562274
300474
206196
406497
831992
722780
307846
437757
634140
18550
188264
980046
674215
363097
676456
684761
175000
693531
151892
733833
355011
87101
601213
839008
974804
970810
875403
979186
616074
86298
406945
816619
819734
492750
269309
159610
144527
196631
486056
552704
727900
700489
873542
662563
134833
40620
53338
345070
113443
278550
466929
137628
603643
979756
618751
252524
122223
122218
299154
50272
637229
522673
354842
441143
680647
645815
207882
519338
153554
93516
958373
748066
62739
138279
347808
440113
280532
877393
693204
575227
846608
189335
784736
761242
37549
285432
492022
815714
183432
600983
697531
309842
185938
845090
750030
30672
56595
938863
240687
709135
228210
23100
393690
151327
982014
448833
214535
337297
585512
7250
402909
2636
729491
994744
70562
992690
229123
99823
558970
694465
318653
757787
618022
574815
165696
654530
86759
594482
254157
664955
710060
191288
996070
284192
260943
990723
499497
178246
401484
984323
691557
280273
44083
652477
198574
639387
264431
798351
922760
851619
452520
558167
678609
806684
255083
738518
883887
542331
574499
309918
4540
643643
248596
429315
76722
997526
124208
126363
189252
460085
582342
20160
523425
553710
310450
704153
229801
696971
961888
813207
202884
836606
166734
792941
218457
432749
843200
518366
772076
25780
621934
11735
114956
355108
527653
286026
695182
220536
282226
25546
40299
51200
732558
711161
201458
581494
466176
892911
439209
162468
957028
444240
827867
94192
624394
341077
855783
318913
877118
877306
74939
61223
172286
76963
190117
177054
206310
660591
594133
517994
487074
962555
213157
819150
976910
720683
268029
325930
512167
853773
65245
291576
108818
959083
579869
862816
843025
82853
439726
515149
995765
22501
359090
612940
354496
557186
664487
938844
685346
781229
33718
700309
111861
277762
916250
295186
639237
855462
840849
27136
975237
90599
864490
964011
936714
319770
213945
336493
515793
630232
580011
35926
360649
352516
984848
709913
765036
960484
930311
509644
376026
78429
285001
334875
886242
546258
44003
868650
137324
876416
455624
394073
366522
489339
564755
823993
202073
712422
726915
560192
331497
84638
252057
888723
482291
193051
467735
580852
779793
567735
791489
378198
89403
826621
726568
84816
305042
651368
707311
327533
761889
180817
801774
651694
223972
355101
622788
961012
923627
212404
23688
572963
857536
432164
475755
340231
851274
473344
110906
934598
110006
237977
815323
354516
538858
581775
312729
155439
838506
928633
522468
248656
105574
494464
924150
407501
661213
535983
562045
347285
775563
198307
160086
348193
461683
37115
507184
809802
858283
2656
386445
530953
849677
472439
744192
367725
620028
803350
588380
509103
568452
64657
823203
782868
930574
339600
823841
520525
750586
578693
785906
905904
363277
346580
486197
224921
646302
913352
399633
465685
472987
709124
180180
506281
149212
38726
374729
874810
906407
134419
105573
905456
792665
29545
704711
856199
209987
412390
49485
793068
654109
89209
676827
526933
560388
422148
548253
65727
51837
533869
216310
283397
285897
882986
246886
598326
740750
398929
208024
787032
896055
840884
838136
829531
19817
911887
44993
822731
985642
900473
965309
158198
22498
373778
571651
640939
211556
813542
362080
865942
96998
937650
436881
135066
285723
540594
798607
971538
593095
33644
350815
418157
8722
57504
423203
457274
724420
93077
417905
320666
363403
20781
387699
358931
961422
664782
449812
202719
217779
172452
242179
608641
948744
267539
537939
403735
386915
893543
123479
3430
588056
268922
958240
130910
660171
532137
704554
113312
369370
280088
355776
77223
35937
797252
388506
235645
776593
946422
213940
827877
769597
386897
946953
303204
264041
729753
144768
320329
722731
672981
131218
492677
722241
345834
569776
534221
985176
811870
974452
359518
692567
778445
251754
317662
49913
529921
524155
828984
166952
883735
60072
289128
525519
86601
846913
232448
38652
407949
805164
181542
340763
141444
706468
496729
352523
71243
13137
212268
744995
543583
441287
348018
115514
213793
621147
544913
145943
744700
995197
666830
902099
961536
552864
195138
772096
431168
961938
598153
320108
113936
547245
111569
32174
296073
100546
241163
70202
350122
628199
514730
231505
415790
924540
556598
420058
856244
512291
950431
66508
274670
500742
337389
999528
29808
903679
195099
757353
122958
490383
916468
973811
127754
373699
19046
152378
449994
380442
717176
351636
774433
622777
14863
460992
212927
717835
283086
1086
790611
728285
54049
344156
531248
131011
596178
70073
201748
468908
54076
616110
221142
955888
855041
429280
774609
399846
571979
555419
42545
564057
324023
807422
975439
596372
100789
334
385367
957143
413198
212835
354429
720968
229683
387280
152050
452034
4192
332070
269237
428931
800072
51356
978510
714228
240663
55449
995307
94030
193966
971339
119963
849664
291592
259331
261672
367618
57199
465337
337211
333966
545342
13052
868505
324043
9258
132869
447866
782070
377277
72506
416794
605071
606310
887706
593171
964469
19256
703918
41100
658667
219134
464663
591705
271737
852880
749652
68997
609254
429796
715251
108803
221606
975828
311887
335754
351583
150388
550993
404786
68249
566095
674512
391203
684952
871722
914792
121939
186482
833317
336751
484397
218160
3346
231070
50443
632117
643062
316167
184654
813692
310081
301867
123926
839543
484403
169461
256315
752655
797162
517224
320552
902642
636694
279034
420374
978096
358615
673441
328217
10929
282735
450488
764946
919248
89413
956691
205142
409520
244207
33776
596839
685182
710832
741659
827221
527657
527365
129212
640808
380175
718239
908508
662649
986062
251129
936555
502085
61469
690690
155613
672514
290485
311594
104327
88121
261515
424618
96827
104740
42698
312
665469
118658
779608
779637
795496
827748
931101
553658
715114
925037
481008
127649
860809
553030
861677
869202
277687
742587
937019
146016
325102
134678
950965
555886
369988
794714
462541
741588
856162
235353
392016
939105
930348
771739
803687
865687
92177
746063
798823
321540
42285
195125
370600
714445
887391
237438
546777
992470
322611
149293
545272
564794
433235
649341
273931
367855
810224
197107
577037
852087
363853
608356
304220
9583
912301
700667
721663
76693
177210
163556
869936
568450
699061
88662
212855
686499
310344
771038
119980
589562
701892
309009
18920
400308
89057
183525
353118
652532
172096
182614
546857
226046
735566
543980
970205
22201
203132
285930
434404
753170
126095
953784
576978
923664
501789
439381
421730
966941
213072
196149
965080
802196
919865
562464
879182
931105
644371
622165
55801
644205
869394
151112
440812
464268
178643
851261
31738
446084
150269
343074
778529
891074
39895
679012
566290
155294
250694
591921
391584
641817
147832
358028
229312
233581
102135
705927
972931
927314
755992
905256
119132
621953
90657
718302
570597
163325
984193
705104
714073
440231
196063
929822
417007
891706
747143
256199
183540
96216
423742
891440
798967
68894
449915
532728
524624
286414
144424
142886
990824
784723
576972
766645
413404
907371
896659
472982
421444
609187
143316
937420
951733
757060
60895
966382
181797
290384
63409
789498
616446
88618
988190
911991
461054
394533
341919
202473
896349
44535
691305
941258
796216
205005
340433
968427
917616
782351
615408
881087
974838
633003
597007
94615
259898
923449
984407
901445
550872
977135
523437
431596
700212
665609
928763
579808
510134
678513
840139
530707
118251
842367
122062
66492
417306
633364
318501
211152
561860
103411
228629
286471
850272
257951
740822
560467
471873
420509
15241
393444
285784
539752
908769
951046
630918
374137
187209
330220
767868
435394
525466
167581
216684
363984
404180
324284
334393
770764
867040
949879
438020
19347
983186
957718
589497
58254
33951
562964
854522
724955
679531
586751
77477
240856
447332
113827
95889
595583
749935
147600
821677
731795
686284
684904
934452
192525
681904
701756
191604
337118
332572
673847
846750
139013
337808
721950
157422
974165
388490
785308
895007
958258
83067
392233
488923
22449
975082
737106
741543
971211
104780
76186
37131
332595
313136
224206
862195
742977
992958
698925
475996
648394
782114
66575
887810
690539
473080
346186
618335
867798
184538
292153
310184
700482
643050
374779
382449
386615
975002
569667
28473
681573
760373
662288
701159
781683
466297
215291
167577
909251
251758
452864
625807
623624
588493
885379
130879
46400
143877
854738
90372
432098
146075
180631
763252
909015
745631
974626
662584
641081
31702
95591
839334
763026
660677
193600
124947
188928
506796
17998
466260
963151
855718
774530
352465
694129
787286
100883
587675
408021
372780
940108
577935
