70078
145650
820994
896926
706616
728867
969507
419705
326681
479881
408199
674225
158353
46343
137681
134161
837398
154818
144702
730124
215496
926480
922414
278758
532607
752183
363858
165546
542196
35207
953731
801055
894540
456299
967728
743234
469987
448176
49555
966840
30728
239584
68490
297186
178629
308711
5726
349428
327981
624776
774767
318034
691703
764504
892345
45245
915084
873972
941270
503332
733431
519071
141016
235232
179833
383464
296478
676201
408316
820769
715858
422287
512384
188733
63037
276170
361422
509016
289507
688468
106442
30607
908738
857049
938605
809087
51629
277100
571895
250430
534327
539716
208086
675370
450830
388495
29798
297333
572898
127571
281784
266516
968228
432540
441804
399628
116320
792689
113146
164057
704066
874613
977620
841704
873158
520220
392374
87371
136686
146068
132659
834343
851961
997261
338818
627058
828011
857949
562430
914130
946008
833299
139962
404363
823807
790429
681115
755785
245894
33319
489118
468171
269267
80288
53226
539056
927153
742602
207475
509463
680950
224182
557556
614616
461805
813953
80332
192039
461369
773953
457352
559676
505600
411405
237346
658671
322281
396482
157861
516122
131329
359422
706255
82932
788382
865170
870699
445795
262180
548172
788575
452436
369166
65981
108072
411393
337226
318270
437371
501201
178618
472020
566440
228232
133987
576182
282669
178056
263181
581335
280779
915839
446022
306620
721094
147458
953189
626844
802624
76506
843397
417495
133221
255778
684071
412711
28734
930730
413708
519318
781930
397698
818296
243495
737776
956265
77734
809247
976143
890669
27752
525487
780076
333204
880098
917525
351924
612880
922799
695602
359298
633541
419322
43775
711695
719485
813033
817310
251781
598644
573246
447118
413322
903801
541523
784829
15581
80944
990575
850261
123901
323409
608386
713024
762227
882019
211280
848975
466249
160693
499186
137481
445784
388783
397958
635063
526421
120144
168702
809429
862958
374162
686567
213868
698247
962992
690895
87059
769718
316752
814504
168883
812010
454881
904016
120305
255231
241545
787482
299567
652266
21545
184309
791682
469543
774074
402269
911641
367793
206973
708485
94899
646286
365864
906793
65266
423057
229247
158087
605491
830449
871500
760933
187692
465653
703598
546859
458567
70025
306037
822017
178501
376681
427519
86666
331761
919995
207834
404736
11161
243905
385975
996580
747196
825606
235689
715645
78591
450712
265716
153721
794634
781017
967227
767721
827060
553521
333745
320789
343386
877899
104172
412010
775234
264462
900870
905655
829876
571286
758911
629355
428315
869286
936958
726256
975473
894898
174139
439067
739281
656784
212928
214890
973190
418083
253150
561055
574335
485317
956377
569918
46295
843327
990196
523178
649127
582616
787953
588971
583806
266550
201034
432970
351567
897289
890329
29313
571836
60466
150171
448413
512445
215706
138562
330040
367517
510806
731472
998107
976438
117551
702999
421108
99637
734083
304039
363829
130230
250250
236935
122222
707718
998022
646632
940768
700869
174662
970495
913238
427374
914078
990001
244390
288192
396463
504991
116729
369485
341950
343627
793547
39845
16284
783692
755193
539131
171165
403967
569063
454255
500703
856011
751651
99714
365128
797709
710944
502855
249205
767713
794751
637216
730784
873540
426493
772274
593922
762513
40027
816807
626214
1025
625293
599577
644888
377770
951774
401598
479990
794183
481835
728099
763375
814660
889838
248244
688037
367554
287887
88425
576221
157257
665898
332263
965797
61768
917875
822387
147635
140738
858104
648401
933438
780644
788574
431928
27786
644370
275817
944230
427074
209019
540845
769772
741348
355573
764718
9991
630557
38009
945718
129689
962636
691609
236197
353079
661255
97269
565751
939894
452025
886336
874085
470706
422620
254583
451936
113713
479205
315150
861393
202088
982471
226492
492989
501841
645930
99761
958123
798946
702155
49634
820020
378277
778338
30343
675936
865766
339480
227192
824826
493420
421897
365212
176148
281228
674285
884705
692641
381740
480963
295397
619544
13075
655792
989629
144382
623910
91378
679829
739141
193328
731991
97517
681414
335210
650993
344886
394288
330394
501014
460921
986546
839808
892370
186173
236918
981892
737460
397621
510580
30119
468222
332899
332735
820344
442937
111784
336736
155106
66768
36221
959022
204017
743129
755049
506040
457273
200583
829166
849855
258582
464658
927448
871437
688612
73459
388889
973842
325952
38938
697472
890690
612816
167412
403134
320138
333842
737270
420205
372893
17159
504539
750829
893388
389318
740213
715502
518700
49010
909798
564512
93435
402068
996790
355801
39536
782604
861806
585800
404695
192033
675738
385210
431683
494026
198809
188326
645542
3659
731324
244611
143423
700823
85080
528244
143090
536176
69419
238501
182022
50415
752537
211888
461710
963745
112456
942819
143530
654545
610079
486092
631508
957567
771278
502951
264181
570737
695318
243909
382553
214409
346730
373076
154905
538936
817180
648713
926116
226043
703562
653189
565587
671889
538433
251732
890893
738586
74542
947324
685681
693220
181130
780609
708708
22610
224924
830208
532802
811555
379490
552818
243513
61409
836180
235022
803899
537760
828688
841220
789778
923696
87119
68505
876703
43983
162179
217376
594990
501721
497990
872920
913623
889541
989101
215746
621745
297060
3639
48038
354549
72358
513719
395550
278109
196943
112594
354840
950235
762358
352834
436645
579642
920781
181483
145091
962431
535022
805156
729669
521342
920514
866815
994314
394888
391470
419607
652071
318431
549277
986322
429539
369723
738019
145561
822666
478459
369977
72800
614964
120205
608978
497038
793835
141816
423503
210069
486466
984338
501979
132956
49266
330986
303843
389958
853550
497762
20512
9059
832107
254289
968114
210213
331661
565598
247742
90080
958109
431500
917063
357384
542400
485849
30010
999002
336768
220749
458895
537971
774004
644469
143910
443300
951326
124660
495355
468928
137728
59419
182315
770366
123310
768182
722792
33565
884052
794030
147060
152199
311303
183355
574553
169173
375647
170453
429935
180994
6132
578025
649527
710004
884128
965867
964776
509365
975441
781856
121509
469303
405789
805007
994315
925374
473613
699955
141524
784808
150565
633365
712795
562933
118514
536638
73535
575074
166578
273554
948509
671359
269207
318969
948132
369423
777507
891257
470728
278533
735670
68996
164981
614085
329189
820621
759350
179449
610722
627334
208438
476323
36223
418808
28704
941119
156676
906547
734343
134695
72244
985306
269516
482915
372261
619313
70010
762297
137399
500895
834940
448478
885265
231579
922534
260017
479587
256153
621169
352801
819980
987355
727307
381119
678259
426943
415877
983077
580157
10720
156317
948755
66213
478606
481472
507643
904610
694891
583180
185984
877397
963348
788623
35172
783177
115368
992511
253257
275551
299714
950763
41849
987708
665947
904995
507111
597095
795033
445322
797443
726516
645490
48342
