404002
170235
482697
474932
190473
697502
402157
788959
957133
778234
925340
94367
818126
844714
443157
240139
287054
219741
586490
321531
850130
693757
840106
267376
911753
363800
899431
384901
435171
555689
985581
903509
490818
692529
802628
549645
333963
788976
692148
430427
847997
142055
392776
718209
174722
258382
57227
296769
934162
588783
311777
771949
592393
946130
926304
182423
258998
220273
658024
344959
844427
131654
663876
867464
406804
760774
9537
517530
521881
944067
128474
937279
161179
450233
314677
71505
715186
121778
361296
958480
72986
4688
946558
883502
163272
759092
179681
145194
669183
904488
537123
48943
984747
535929
948935
624267
183129
433545
398010
768328
231593
399844
783499
745514
371344
705123
906345
754
299138
511419
78984
377921
575360
362629
921834
744306
753195
304126
563474
971405
336774
400105
451168
658193
411051
56605
564481
681952
659463
5964
934307
689577
611875
373440
394608
922408
513546
661139
986080
409567
590589
510004
257353
111752
104845
627943
807485
52844
518004
165743
391430
840497
870117
933692
56814
547872
984403
841613
873115
544501
870032
117148
27690
718825
259817
400163
174195
785644
864641
254266
831049
182381
712585
971421
65221
337572
582816
714410
263652
544035
826576
178753
507195
340876
26825
411327
902743
461135
166937
147590
791827
805525
764002
91121
911007
446489
511553
6365
180426
427720
711722
419528
21871
890313
631092
629815
414135
40916
256984
432314
611877
565989
287706
635724
749946
997019
765095
59760
349917
312279
314062
381383
530969
859669
667997
173839
724646
518431
135836
884823
192908
728302
264195
751694
467002
242150
687638
577829
167231
120055
744699
604590
281582
148911
809966
620778
522260
717203
947952
270839
385666
7718
631491
25655
644008
644651
435151
2593
813430
511964
31954
79495
403780
713881
596654
217685
964531
737151
4713
562263
30791
305163
599973
982456
700370
716436
768122
965627
18437
160797
917509
653417
836004
713463
985830
334204
78038
94718
128422
290645
557517
931492
386868
496016
651861
555121
940028
71539
930220
854338
676551
779086
117248
204887
680138
2787
521530
631781
239301
999556
434572
922524
992767
370048
271944
405511
978518
711609
79464
31090
871075
637833
426193
575395
558083
873111
829750
342306
909210
107307
231083
814162
158730
769314
49507
145055
854750
224860
639283
134315
705402
157542
404306
923122
771934
437403
219977
871095
265668
812931
924990
570729
597627
231181
782015
892841
749471
420394
85119
716406
686910
868483
772387
700489
66862
809887
633303
101555
20571
733575
640052
589765
364062
649710
978914
950483
630109
253849
297646
408454
807490
148928
121638
654042
206343
811701
810351
511480
87189
781433
261048
933792
939648
637765
614241
448833
863958
879825
697434
489601
646125
664731
3831
482631
981453
458012
744953
947757
567048
209405
203013
960810
358419
446228
523131
501809
828476
782112
273205
300292
72776
433275
223150
839302
970625
738072
822463
698311
378777
746181
613228
764030
813171
386889
695213
471489
404236
339120
235582
710156
919304
922406
369982
323338
611340
694363
753628
93480
939388
64855
567093
124119
159523
362228
282211
964637
341491
305617
916354
569284
965297
962599
784190
114517
751647
727095
266185
200825
801385
554569
934650
589070
425154
471518
92849
109026
133653
67012
686805
215343
895534
288860
914699
147658
653076
522531
217271
208643
589711
121462
769459
58005
620391
907880
672088
822157
621016
139168
470184
759742
176183
974762
131919
41495
980066
497507
476045
903365
568525
738457
966925
410573
847397
410230
110980
701700
954987
887715
102392
61112
12564
531068
624039
46223
706996
728879
16796
263058
323139
932371
127626
590730
119602
115972
85218
890
481605
477200
582074
928508
133604
308202
596507
175170
252590
704580
932573
648254
656067
370009
103433
37309
885277
840518
239316
151249
658207
778282
345253
186478
54277
67395
149293
938238
408131
930939
137262
96962
971695
152701
975875
555302
715748
231649
609901
197230
148542
40467
49582
20249
274089
337371
257638
511272
801476
641101
593156
927248
62956
357664
699610
735383
612614
914966
352452
313681
219461
779524
661701
358192
155380
773155
962116
443287
97564
827274
19221
567959
340933
629800
917544
793188
93964
716722
141381
139519
286241
718896
98817
742928
32356
618010
892787
238561
547573
271662
578605
78554
723775
923360
496514
170256
48704
581391
684441
865470
265620
414529
790155
616622
287017
58803
985455
461483
186926
574667
928593
821338
742733
145621
522308
747114
676440
106196
121340
122644
478211
997516
488685
824969
994557
662267
868037
618071
517691
311189
103867
245800
363401
452991
330256
317775
60670
519287
416112
848339
267628
572349
354608
229245
432515
139011
704559
586691
582358
147754
677168
472823
555203
883559
859767
705436
300560
773815
552541
506523
744154
218404
921263
502334
105147
985289
681359
592595
494341
538438
783987
188343
726207
830206
607848
463181
948601
622236
989958
188031
256552
689275
324663
251611
218814
761520
246410
643168
275910
344818
351941
674328
802447
22562
115674
512667
392756
803789
919654
526982
867494
85565
678897
301517
10781
944126
366957
664121
962592
307818
577597
613614
507975
198200
911538
3809
620494
331808
357287
355221
325943
899416
414865
194411
35170
727267
539913
337921
339346
736107
353267
664489
785088
952065
760695
900932
815074
960194
90255
994461
483082
15078
641541
674132
525031
655528
811189
968535
315003
918997
802232
813161
363156
597369
422521
695699
61261
327563
36370
472454
779562
268318
756819
720893
654557
478030
835189
793802
169173
39838
675272
156994
466593
109154
351237
51119
237455
177477
486476
163072
318761
176469
400042
674012
586738
771367
88533
804868
852204
936697
810200
290575
831860
73994
545298
399788
996984
224174
908051
481580
608042
537569
610180
525730
851805
550840
503193
886964
63704
431558
149406
227076
117669
367757
102149
973519
298996
764966
844676
258252
465192
378195
426016
10938
757332
405750
522231
262419
804948
995607
982272
53716
252414
898070
967099
645454
442006
404288
908127
584000
661707
499627
394809
744940
453514
616356
655338
666569
8070
141732
475471
521743
658660
739275
576413
648873
202910
235394
944966
159757
547922
747739
666087
768371
940417
37519
446823
438769
621066
959856
270642
929561
592183
947040
214342
490871
540054
905012
873574
540398
508343
570047
123391
410190
52738
320175
413209
717130
3114
4689
680266
41011
148688
519572
164548
77751
74341
939225
747629
321647
868157
792733
683468
744856
699370
367365
227184
672887
196975
225266
513880
121121
457160
395266
419769
300000
733089
646857
721971
463162
516825
105327
99571
938505
455528
113273
19041
885514
730577
572016
437326
56273
627501
972411
105143
889229
548579
310419
210998
218958
580260
290997
934033
135245
200152
548233
729144
525635
371533
901786
752715
538654
792073
673451
98176
654328
754356
809465
752334
830499
282675
854902
811397
156228
921453
36134
463160
106479
930946
712448
244010
782731
175570
236481
40385
508621
125063
244576
57329
996144
112467
339549
961950
117164
5546
293921
604224
395964
825287
622602
26841
220001
437676
209031
29949
693183
935230
442455
482146
930887
963213
652186
612556
216576
608265
358784
533359
828248
980806
821908
493172
170452
208220
350348
843203
583651
372518
887882
226318
564031
367438
102011
930011
908371
790112
656312
922703
747925
562426
605476
545557
25791
851544
901429
436636
316435
821218
676332
885967
604043
628966
590176
534785
670630
112714
87408
432012
481402
773784
9625
760009
572919
901380
279010
341355
417012
543677
538060
258367
937136
719611
375728
522816
194664
882599
205939
874550
502534
865157
444122
313308
804372
874862
553763
614475
754309
65995
16855
129041
813064
507618
639058
331255
208288
793942
439888
13959
524098
924777
77072
444770
266229
771850
558770
625464
710594
798747
742392
124217
280600
126937
710630
493539
476808
102164
729557
477727
452981
937593
932839
380770
913417
800792
545098
972192
533751
661492
472549
497237
857242
724727
473248
390406
627432
291612
661493
182787
939200
67228
521131
508353
189155
23993
189511
881612
453547
88916
832691
544004
62494
828196
240929
856183
384811
967409
499150
96742
874532
858488
765280
980272
74695
516798
556850
407382
782562
575981
19632
687665
106645
958154
342368
841763
374963
979435
455075
251919
405875
207183
122411
972365
662483
659243
479878
202246
36156
78855
893292
895046
232070
856314
240823
605708
601357
389453
600818
104414
643895
676295
596859
752821
698317
847409
957403
231047
563188
930153
993359
709972
563370
882026
29793
281911
507484
87553
354820
238975
753357
14698
458605
43352
335858
114163
13003
154711
663548
523251
248226
330569
655990
189623
738216
317510
129949
37192
451483
313249
640169
167268
536075
138994
500818
321259
464760
385122
753796
594022
877810
573937
675679
764861
861615
86868
326840
720951
599570
529664
671236
861593
328150
112888
223202
608247
339441
529144
286781
760400
189813
593048
17144
170040
603476
854686
186277
538055
786701
623141
909400
249489
75113
414518
180185
42174
556321
295027
907552
478286
19708
297362
322779
656375
462821
239103
122040
324584
629837
170885
572275
604451
537846
238814
816182
337256
564847
86569
638724
45977
27661
511046
92815
282377
150870
846542
364669
511815
804172
100957
900591
126039
703458
432692
20058
864092
154754
361393
42077
314995
504094
182011
363349
868453
522492
737516
465149
793950
779187
530710
349928
801018
698479
802034
430834
960273
214205
247021
523709
169928
16839
703680
500473
115516
144142
369546
977579
368606
718124
317092
191747
797780
202761
49690
735135
412983
576902
793617
49126
708099
561763
801190
434668
957621
553974
31488
849809
203362
938399
277552
57296
878168
765230
375828
437731
68380
83450
514437
905361
116053
148676
682647
816446
648809
572824
859438
961957
564675
906701
103427
335994
643147
144901
479220
396241
992839
181008
726169
927391
74340
420366
913910
342651
451691
471339
678942
499205
882853
563847
976304
674127
593459
253313
760273
601283
777578
569874
815914
53958
327015
638509
173351
810195
48009
271790
806437
609634
508279
954416
326702
854539
843235
89436
944635
788408
910102
836985
988760
81388
981022
810363
706853
501455
137584
984077
8699
468727
624290
224337
558521
574017
243410
481931
905451
25473
906426
433003
232468
672092
500479
632160
823807
440233
875312
812315
991759
630719
135318
959151
798609
81374
27432
509886
291751
504709
165581
948744
806711
231986
321808
84735
683865
677920
421673
658874
344525
888916
752950
924019
437199
579347
326296
658886
544608
516026
132006
596818
128966
194579
484053
127293
746183
191723
121373
563111
12500
667525
187042
629872
640653
255838
549246
570248
421577
330427
748387
118635
873823
894695
925246
616065
560475
690287
271547
848703
209967
350326
975980
527392
942764
827623
563314
324399
372942
120538
855293
355365
462287
89153
467228
541858
663964
428626
31807
824261
342332
220152
555378
906409
949611
905681
577114
169797
423642
213602
605142
311968
410685
364808
376367
601114
737992
463305
899279
865558
198948
637675
71886
832438
671514
551417
88646
680403
607067
676140
555016
35354
148524
679760
740859
639594
464031
411703
256185
894178
649653
631858
487684
101753
137332
190933
60771
190597
260699
920592
833554
262096
210932
911489
379811
280763
878288
895293
184959
309433
480088
766273
59013
396136
867947
589746
153368
72326
116791
787411
388261
106830
418602
813767
544103
80168
342735
973982
382460
362174
468746
751294
713318
78120
783189
655959
620225
809426
268294
414495
967727
353131
94788
428019
193015
175486
968264
578900
156913
532515
720493
246708
590731
463693
556725
709122
794638
636843
124010
631276
83442
771888
767702
67290
416283
946972
129294
112972
30065
40675
613408
516540
666531
6957
301212
137146
6743
631126
384603
386000
785358
840795
166071
47868
604391
970500
879415
952157
356556
639046
749862
446047
250284
704365
11245
773763
229613
367143
995229
13448
100188
7458
978193
624564
744615
243247
81511
47305
477366
949321
220940
528633
840129
560892
79835
821344
399186
194381
610688
601959
904561
115618
129929
392349
656383
813688
999606
560933
442959
934778
619920
874446
782479
91034
178505
854719
219701
918165
696088
998191
911719
499430
47857
120909
829448
905800
958071
237050
341554
811826
821319
983539
30928
459015
609114
142890
362026
480847
831749
856302
723468
765695
916841
184593
333428
116423
478632
956700
800731
365909
423361
782564
975837
277972
771777
197024
749570
347528
652630
602703
436068
19271
204668
356897
596551
668663
956064
959716
13844
23235
782045
911787
437630
837660
929613
753118
455509
346124
2000
898543
898509
963161
840558
199395
920540
3303
862101
237252
571501
951502
617186
578973
965566
806975
712220
81963
233095
293930
123972
992141
466858
711845
390778
345769
82046
873982
52441
103811
566888
9336
122340
779034
775864
899249
69601
19598
359210
449208
964350
29144
564516
940301
384716
732879
104054
328578
916016
929777
330631
880758
258536
513128
808590
716388
794930
303025
363393
764653
545391
181173
163359
34337
302647
375278
909332
165777
903510
289002
563809
73795
375777
542567
828150
768762
323192
191631
535255
758842
720137
159206
159831
465960
570962
48390
533781
236382
839054
644717
41596
853364
420478
473463
837894
10687
596822
742889
354029
209642
622946
599798
592980
637239
661401
287793
750313
394921
979505
180235
671787
561398
793938
508246
292690
854786
27401
304651
601750
430896
421141
198054
107699
689157
931643
745262
247422
464846
386186
479692
983272
140409
170945
511914
506266
569237
399409
836401
790455
123724
356255
270376
169195
440734
724797
688495
44219
815978
300255
618579
209224
85978
611416
428360
827189
348881
521264
737813
254826
71651
417549
555568
859413
837394
208303
129656
797125
39062
513197
921791
548628
173100
394419
865932
741088
340892
403199
450712
32136
709041
304329
917024
173861
857375
136259
580955
78688
639747
695939
792516
731256
329084
26272
872679
810135
235938
369018
600863
140446
301444
799586
46573
432283
178509
681900
155921
567046
462410
696744
253668
782542
243265
226991
317444
407776
412682
530134
396726
270195
590534
730902
120885
1297
391240
609610
117649
433585
787226
997683
222141
916166
713843
136303
739635
845394
402936
631433
986297
366005
199825
360395
954760
356467
893624
785684
122637
534257
533503
359752
96053
53170
927125
693621
738860
181145
943630
558309
615666
674568
422054
99192
868075
181254
634719
667534
840362
762101
781639
985937
105139
966
481880
629972
113771
932083
682578
210793
427259
715783
240350
64062
579455
37620
304486
153903
155778
759568
661068
828423
408860
93763
545172
679615
434619
81282
607011
257037
795691
598390
528643
910677
651338
704990
671933
343550
645097
499415
359749
877480
311066
539481
484444
310273
852593
89115
884348
797016
100572
734231
537016
8433
329949
52476
450174
596367
371226
736840
753004
451249
142934
163073
6212
635798
822890
85366
564503
363369
693053
300547
686948
176106
867493
603623
171655
445531
737141
60218
255530
839800
644048
915479
546808
354234
815354
637366
459553
433954
176439
52154
73461
36584
834619
641625
252079
591440
171281
367029
308428
299537
67939
524271
303950
661699
735047
36356
129232
821030
722771
713940
156065
704261
595399
495069
882663
427818
687451
410933
797147
484737
211645
207085
879136
569099
912778
139042
636460
699661
988308
55006
462472
245394
757888
616534
859914
598022
612090
115540
44450
989697
683113
801657
550325
38618
198824
454521
145617
265025
887337
31191
301496
727731
509488
185970
517891
332267
672308
923784
638605
739885
622747
356919
17823
805800
924822
635096
163624
548990
819163
59409
230942
507691
106661
7602
965702
378513
494833
519215
729071
827117
457774
375846
971297
197700
747319
119858
660701
354568
53375
749834
819100
610582
99133
882874
925413
767144
410963
608013
31703
343259
433665
478322
432863
565961
800809
420828
854311
970756
456389
964943
57328
783668
737171
455100
821321
520288
18835
182820
950991
818016
907284
343977
877030
633301
953532
154645
194778
887416
16702
612238
225802
9316
870608
967637
950100
254336
395294
446147
575033
388560
552873
821655
483361
358810
26925
688065
936307
743654
442792
343441
236927
839168
371616
143249
706627
717215
529045
245204
846265
752567
332289
329689
66466
390946
603463
30355
145935
746350
399622
240055
166983
577210
752042
45206
24658
860985
342597
451256
441709
803734
207217
319500
444704
932548
377609
760623
9555
72930
115707
477074
841442
491154
515230
99859
509756
652535
240117
94550
602999
163271
851445
302439
739825
53662
92200
683000
434632
809205
223415
487699
927966
956249
828490
624029
203406
368358
513090
338570
885907
523685
362877
614288
271460
768253
373878
144375
313067
925350
91039
657341
964564
860525
11542
374676
54480
35305
493319
111459
111345
234179
247057
300418
792887
117351
439523
543477
713810
706305
2913
227778
27919
334062
475562
641114
5933
209236
695864
633891
871152
838149
133413
701836
269607
288195
858183
146341
325410
632795
106217
267507
759992
563913
81759
839012
851607
207283
297904
468028
582776
110158
67797
861619
524727
118096
289319
211666
964204
242034
796053
914111
641986
720379
158968
51579
252620
743608
424340
873532
446239
904830
312503
171487
843275
789170
621274
392666
432731
403570
947260
363108
447683
239504
841673
640735
971803
359467
808524
1019
889641
530384
412050
33913
662721
529953
509558
26756
286455
21011
36855
475925
997418
513267
146670
189608
871943
926919
322553
385540
673730
725822
637457
28697
829859
488056
189307
432225
768844
502793
265504
560543
462835
395376
539714
294568
753883
606597
619569
631568
894672
519948
844260
792435
456969
197759
649699
406409
65046
390302
439217
55172
976051
496374
107008
882736
261940
926137
732587
630105
198544
612983
729263
268366
370961
563179
480473
413769
663806
523026
680026
838442
163807
304786
957143
501600
292891
805228
177293
484716
757537
945982
935651
528537
732997
922837
68279
104277
487043
505929
74731
909443
146246
122139
62816
151186
288574
10165
761517
644851
152462
595957
622610
928038
432564
25438
388153
3754
572917
192031
391670
635745
189686
209144
254407
644241
738202
44134
615458
326363
4827
466227
907338
239700
734982
947788
977893
527224
308323
63828
593151
328093
517171
18189
448147
792717
857220
173464
357737
496043
576435
845588
150983
256912
743293
950276
628038
265201
950282
136830
766136
693034
46712
987462
890022
287275
433199
551441
592399
438231
523386
815102
877117
565581
979842
370168
133846
94674
343438
466645
333631
860534
299745
532518
191252
597865
251132
411720
348829
176870
816921
115424
966498
594565
267894
218978
33817
115458
16911
446596
370854
136712
577115
824046
276331
365209
176676
577445
384861
590131
794349
176257
630672
717018
952636
72312
128092
254874
69557
282232
522140
825874
661088
319509
605621
239554
920819
428299
780108
943290
985085
407148
906058
833875
466654
418725
574805
249230
142357
507624
289269
722403
450607
903710
330408
119701
217193
533136
661275
414331
919053
752633
293031
184940
972383
134995
520011
740519
906051
97003
773852
987995
15484
627292
326569
653744
945675
499853
782981
316666
33664
816307
278908
406750
914448
891386
36204
451776
445465
570513
302631
543811
637166
820820
307724
650174
716050
185687
90353
689288
637678
570690
970870
651400
264267
230504
6134
886270
981867
321482
202886
402951
362364
683073
473494
772895
905503
953726
328764
405105
276232
394633
79019
140543
840596
361543
40441
657132
786859
208341
130856
636399
784340
899681
959786
41772
564652
719387
878172
724461
608428
191211
857599
293354
784746
742940
189209
75664
888717
52499
189581
910747
947586
147799
353240
473555
311875
83445
50781
424360
779762
76466
351434
145183
408450
395327
727215
868333
283109
314973
586733
57683
349560
114698
159921
967704
547210
23947
251349
981188
211985
821231
462655
45873
494424
482235
289421
923333
878674
989069
92386
707069
610125
446763
506270
494915
138183
924323
217464
172356
460327
100839
30668
550469
286530
824133
123805
339838
742628
758612
620041
72039
736553
329713
52810
730949
599109
501894
365211
348974
813159
368317
326178
126926
32846
337962
534452
246845
532427
759149
210750
358474
925207
865952
510602
95816
344348
939158
894562
730051
778233
620395
902242
171150
9815
102807
424331
745764
586517
912217
32416
368865
114340
529465
249244
376467
548606
740351
758789
326897
862155
335008
45463
722835
394503
994488
218470
202579
125782
686521
614849
88582
289804
984535
920716
60024
574620
769922
776191
54331
171034
523828
625683
857283
847675
851632
483435
113876
780715
700007
846857
215458
190488
321449
861325
282993
318985
38537
51955
332488
831439
510116
141893
783565
317829
952811
205253
666463
692729
101810
298667
857101
72425
636879
815543
49400
197899
82488
62642
416485
241290
218468
700788
135264
388193
808357
650972
520993
387988
831876
922285
883538
167692
941174
184497
966894
40666
172332
597026
861119
416822
133573
688274
5792
79337
253661
168546
510443
109933
595882
134231
590185
24703
284115
220219
198813
589230
167341
978315
10468
171525
408785
640442
651415
705379
311975
23014
786351
278724
393319
453974
619448
714353
129798
153842
483946
569162
893059
218595
378883
887610
846370
501773
736185
867954
241072
515249
909087
567741
619021
810962
525306
378766
178584
597229
963225
121656
189257
584945
526427
983047
913647
609998
105082
119044
635301
397012
83259
974214
653885
837747
216426
654109
955891
278900
408794
508680
742918
639561
174787
549394
612286
898865
78379
569850
44596
466769
537744
547592
291390
117275
801858
661540
522600
608754
505719
328941
587847
217133
955763
803079
203265
721926
452703
328600
40895
553602
846974
138063
458629
163671
975511
642224
303449
274695
425979
67102
333327
542600
902336
81197
399223
545054
370208
252186
70185
667345
398103
60588
970350
81414
921547
490235
459083
36117
458881
231945
6877
549180
412410
433527
767560
936567
157951
547097
729461
897123
233692
893428
162544
169869
812095
114214
630015
304270
612808
393696
292395
546732
879469
218148
817732
178546
78538
710998
100326
250441
884668
30259
499503
144817
70669
858893
298132
123843
932454
510789
1286
583349
233015
912473
813896
345449
869841
830277
709533
690599
330940
37428
136111
714506
581907
772726
202467
136991
367088
984783
352784
917264
82294
38919
24807
283021
576739
838589
552593
753084
637333
705895
349778
684720
939907
337562
639244
459832
546276
870570
387611
270493
69847
78756
29296
197714
301965
353149
984762
838195
701522
645623
783143
799930
768899
631876
440673
397225
109318
629819
796389
956208
400757
582463
167941
989575
634438
534661
939863
10854
758105
777808
388864
889325
451778
863915
864784
62975
955611
700068
868752
933172
213327
662974
550580
450170
592221
447101
777322
83424
198795
635897
656788
304403
841518
340677
760890
773416
768326
402564
824820
639473
212757
335388
936590
351594
498848
911169
14373
747516
330759
679290
682465
684802
310906
988398
706283
918339
685898
902323
987934
538062
98407
975122
223498
483160
116183
958785
767722
959216
951852
367064
787091
733230
743694
254155
64393
800951
82353
232355
386412
66191
464696
998274
45923
371862
945104
213597
48502
258945
181019
239528
598738
693298
664383
538101
83882
843236
864132
857962
99641
619335
98004
216027
226565
793346
62567
393434
952348
948794
166668
754742
190635
41395
694829
63481
537453
542808
92424
758350
380653
16202
810170
824648
360666
441777
684677
395534
601912
202726
74117
610836
692628
658633
599682
171633
321355
926921
848143
970153
43812
924534
154622
657234
227371
325318
233683
249741
796069
760729
743821
851417
160665
603497
738186
109946
482799
729854
129762
451766
224440
289329
877040
633313
357156
169946
946392
680424
111897
424810
644085
398880
34515
864748
284865
851329
451277
41631
716679
939033
592839
210242
862365
239407
309029
215278
284931
389615
12390
520889
337299
26721
512058
97350
881794
956898
883189
55462
750771
963006
241273
681229
882083
725011
706930
558187
709901
384179
575914
982649
562719
931128
748294
499486
23887
474690
450135
597853
509271
663033
663302
925351
603029
821448
177429
454192
319675
628708
330695
870617
124704
579717
632287
942421
133890
25534
544846
813338
323784
523113
264724
793708
123463
801639
457810
44956
844140
653702
984722
774512
561219
574753
346256
303431
573024
871772
858319
959791
710544
405062
431930
343925
401912
398976
834074
425415
202174
861572
405335
531729
61836
293525
357901
313115
725769
587073
915371
719773
530977
196436
428298
898264
927440
692114
18908
103045
743938
606912
53573
930248
102446
216371
629727
50324
910499
349492
905373
510053
52799
541109
798787
403616
950874
982407
140667
755470
928204
685866
630629
650771
421506
97281
139958
187898
384299
129276
45813
171968
694838
76783
171115
924656
104015
191118
640733
19873
659167
311697
552631
581889
694905
948582
128477
840066
384423
583338
142365
322053
684925
305968
832938
34204
528161
513138
53229
470492
707919
53888
671167
88583
384240
367990
974493
24942
855234
670136
717933
160653
403543
443122
228950
63674
763683
942732
311743
274840
345876
351563
591027
713630
464107
208306
453785
221197
482634
287610
449669
985012
118298
968671
821366
800351
639445
826629
363605
40474
775597
773865
706895
340652
254018
289095
15978
304241
94926
532340
925141
612052
372128
240629
438751
789713
937384
303183
927294
102949
400680
672304
824898
610954
276162
234355
286608
707081
86458
934462
997127
889160
622320
163984
649559
584869
303079
924455
389078
683366
447965
609329
31711
875622
232500
508702
886237
936637
261483
189226
169602
10442
298792
240518
217338
561712
807309
18354
134841
792750
332442
979876
406438
676565
245279
523444
808686
498544
876392
80467
316276
455969
620637
449950
52360
364670
608465
911929
270748
540575
564649
667880
968212
697323
491856
107911
421127
819272
272284
2229
550574
352843
633675
929322
921677
668993
650216
258477
821226
158642
401753
940594
323830
77716
139745
645575
91558
417377
443015
453768
971072
101508
947892
368082
934181
496346
470539
774755
637559
379226
90530
224476
230101
780865
394604
896431
867308
684102
690867
17716
401678
654398
93105
476042
656213
852077
764643
534545
762929
348907
977174
875772
538851
355172
971031
28372
834588
236190
343015
751194
464660
430364
644954
802906
927048
515901
130426
363012
793790
605261
651051
125490
799621
766628
169696
150393
783775
730395
420870
944509
918765
202500
996552
621509
120655
466173
371537
691845
66420
100069
456532
381186
89541
863645
471453
183394
805987
700642
511977
974277
382709
928851
112471
633032
243003
798197
808777
308452
709019
569579
572909
472850
500128
574112
217381
873334
772462
301089
33185
574568
857663
135861
822556
102122
390226
138996
358879
494167
346068
139870
535456
649117
935264
210441
501991
560103
947403
21232
8259
577239
256971
281793
157198
25279
304986
876713
326406
304910
865879
301999
245797
485709
965353
444830
610514
971251
373505
580082
200031
177021
269683
191796
64917
844887
859931
85420
952590
445036
395963
689929
273492
386319
34946
461521
62704
701909
290618
665878
969630
450626
263659
739862
180608
845447
929797
782029
561734
700559
290845
993217
900074
401781
344538
655507
319722
788350
2417
399739
931254
131860
469916
477314
707145
7656
475515
325281
697106
757810
435725
543883
155496
33425
280465
183266
433834
817859
351546
768361
791845
156257
443373
494399
757191
362500
83800
194188
72355
185901
758983
14413
794389
901322
682396
40903
183882
925426
156716
38378
978655
783257
569844
269726
874503
224796
336593
309157
440017
623171
753289
120493
696591
845151
758133
45058
274866
232647
156285
701357
175743
547600
666186
949753
966300
215606
847771
888328
42294
300028
866588
654533
879402
536448
164941
686188
2637
294122
302432
951628
551868
544283
130188
302550
983639
958478
803143
257055
312125
958667
879560
801766
635046
25330
323597
405796
492619
230096
641420
102063
665670
719682
864402
61784
448786
426891
450810
819395
71156
31546
519819
507602
997550
483163
650940
314887
852597
881719
635948
565241
639280
142861
173426
851214
95917
87856
815912
636295
925687
341498
500057
992365
398385
617675
793041
825267
193240
829407
13480
898326
846067
260557
812519
637489
257415
6474
396955
459858
284216
516325
600121
888832
468629
842563
777423
352840
631081
170283
187310
104163
125322
852390
598206
678637
323172
254258
248598
178034
158120
250863
572219
861181
151901
791302
977055
28337
908590
637931
908201
625845
447732
514375
668365
624921
782866
908543
148126
119006
217107
435124
99374
45505
384559
134068
633996
293319
996260
857687
285324
769544
737327
742558
310469
181038
271611
168896
298398
58416
12151
668727
326680
483972
385905
844746
400199
469422
937805
760164
431734
677132
49373
68348
480873
270212
356065
537497
960210
431835
961777
748408
679066
542977
270598
602453
462163
469634
669773
137276
698374
403401
305114
457588
756682
150666
352803
516806
929459
882392
528306
884786
612794
43840
229469
364018
596870
305130
729692
257128
451276
108511
287830
737932
631459
910542
789542
324435
906563
452212
754054
905893
630913
169423
833860
138082
898939
628746
501835
709862
959342
642479
978632
260683
87822
224364
697087
824479
788244
80785
134747
199736
97235
443124
340504
893454
795256
867729
807717
342196
478720
792951
187810
428709
547068
890818
508399
607161
357721
368903
677097
657570
773386
884301
962996
683617
329176
775107
433979
507563
802565
144078
771231
802610
998030
456870
984138
417672
729506
633244
149504
146466
369618
451195
439009
440599
423388
5088
785637
914601
999541
519669
738871
640204
304688
819584
68232
24306
192166
792206
81173
752098
627246
902875
237317
102619
34129
408123
226376
406969
136384
267441
965717
906475
880203
427229
627547
395388
644149
965644
704080
108789
571390
522085
980042
512688
271612
797447
181029
574592
459913
44412
453245
121006
521856
525636
950348
409707
204843
590666
499558
698688
35752
955950
534010
713548
793494
298392
933545
749492
618699
528574
971159
613363
199980
69511
276764
584043
880767
960341
455180
578899
783293
102300
503819
117848
680706
664436
16060
151752
480229
763753
201740
245699
874386
735225
684902
143607
357388
652744
311142
664913
790183
421542
162267
410273
543399
657676
70020
578576
407586
213957
717234
608361
866493
847460
238781
933645
386313
662640
515999
3327
788550
640981
478313
666739
557242
79255
536237
529402
533752
729076
189990
704388
477163
736441
668621
800277
135431
665779
45300
833222
696286
169979
4241
114334
857308
237431
247299
127389
368964
750390
730184
978408
230529
922797
912655
402638
267489
712364
921316
507790
392673
82264
829775
905859
713535
831944
981304
491954
298044
351854
604441
912332
977782
99276
44188
777309
511731
154676
769213
747404
315794
642815
279515
650606
490341
400432
698291
418158
271534
127732
473784
851982
741209
958615
473484
645053
860444
79691
43364
173376
627902
815047
216383
451853
423957
872990
866968
246967
279953
48270
246328
703010
958469
726082
8868
472487
182095
577073
879386
706093
91176
173920
993494
712121
548838
815494
207364
279060
47322
411990
982108
533223
704632
85639
584747
591022
856009
481091
518767
133312
999608
17345
706921
351472
416258
948470
354638
653377
470119
177494
929038
819357
692149
533352
134889
242285
794326
955228
882047
638447
194737
484523
404208
695309
45823
278202
562208
909302
620357
579810
970567
838245
509386
868706
926385
315670
362207
999162
322092
921850
854195
330423
293033
437115
350091
324919
97352
61723
510141
595992
567397
144301
763007
565151
957154
461055
675774
324711
831156
876751
722516
368815
7291
617399
897186
436194
588632
77439
402283
913626
175201
296792
235067
663269
602148
995637
983602
187679
686527
777366
19138
819861
219321
885044
225456
98164
801410
602738
493279
870296
838200
521383
725029
910446
686422
518162
424926
162854
267501
926640
121821
15740
691550
529655
815251
451932
481490
952447
434432
294353
597350
803904
212397
806357
920251
412508
586396
320612
176358
749150
264555
933513
281086
92053
418998
668078
487628
235344
758806
655998
354768
536479
826809
600418
682320
856650
375018
169543
582099
544905
859562
991884
127188
992551
249979
210986
400872
601460
208534
967536
733332
865303
507749
366939
514035
707161
390750
390917
159131
217355
177925
834770
74115
699186
902540
787971
27230
330743
677974
902480
665701
469899
459729
669241
163707
469820
832185
125456
627743
615369
900335
284380
649714
370731
376259
475234
10452
936983
538561
508127
519264
649359
476533
463131
904715
625041
44072
23458
779
604660
907997
125078
246075
75629
110043
227288
386365
229051
360894
501094
478276
700995
741285
940629
935576
18147
495113
267265
540062
174379
608723
431926
286325
44073
417572
526029
867928
442796
431238
861586
538155
412493
580405
466587
860006
794787
738468
999021
420141
82520
126413
417786
168418
179707
716665
365683
712649
624966
273058
715949
113122
674600
458702
384911
34495
369934
245962
705013
783885
372681
781169
348614
73259
339288
469611
752408
441006
503140
779491
463663
420884
827522
207287
507033
279857
34734
875715
534282
158743
884191
198231
200338
881574
990328
559048
113357
971253
461563
303432
418797
456938
549233
322623
20959
838959
88469
511090
980521
86281
130021
377305
768311
684291
516687
463922
826583
723052
775216
407823
744206
744388
464168
531412
785159
871187
400568
590575
219256
566377
597342
842287
743285
11214
58882
46467
28739
190031
630421
896356
727006
957066
972158
423145
231693
625711
128608
147483
100547
792166
53568
505236
548966
773285
415741
562155
382282
236511
869422
524635
347675
658113
161547
428267
760146
941222
771957
960903
668898
586004
370697
177362
464693
7555
791391
228279
314303
908463
617445
151561
59264
802820
120595
241469
657963
109588
157803
188723
172137
185417
305989
322768
545549
578547
474858
937615
535416
579013
514074
444507
684724
547516
762460
384963
28013
417571
104428
680560
91016
969973
907414
856451
970576
100721
540032
556078
938373
865645
236867
456592
136859
32300
744073
804178
239710
709204
529546
850850
775436
813384
446069
892694
541029
83965
654900
374569
904840
931626
662908
852529
29474
826279
24134
777215
361886
995729
272730
345072
698892
92420
249329
604809
529530
972051
290274
936964
631902
117400
660822
449619
376048
461684
490447
429021
347676
231489
501029
187185
875420
102140
260668
41740
787846
558474
995586
978224
662363
895697
819138
970823
439848
265494
730292
915534
801282
259239
469969
104782
153048
707338
134809
858562
201316
481380
625267
84799
418327
