183900
768118
923814
482066
510077
633281
230515
320041
389467
28889
422952
906713
609054
571342
860304
560380
945765
565161
885939
293494
544516
450870
479026
520763
338028
515313
208817
216120
266073
38871
237483
346562
808589
486446
278655
810029
525232
544820
369668
638170
140206
310920
78634
705097
558770
786931
858533
429425
442325
998819
784311
358171
880478
243586
647122
638391
767392
467686
266800
348474
383945
579102
993525
974540
111159
868724
394789
66501
544643
914543
566083
319399
930388
166692
781925
903751
337868
137627
975923
919685
47676
673372
728996
161962
877504
591284
595739
65864
802728
331720
580398
237099
998350
635643
597030
608873
868671
749277
89626
40351
720561
794739
466962
798103
605191
77796
568521
874710
226076
129632
531120
754466
918154
602598
679074
941153
866196
158423
428155
331301
114539
442434
382116
635362
697064
836338
947712
948764
539419
639390
263382
953441
809533
229151
269230
952376
164485
570774
683665
514905
73297
28072
600092
991847
257124
91426
188103
302576
34132
295576
783144
441462
191720
819227
891787
191647
866353
409014
124983
514480
771718
903358
115100
484834
889713
20554
633078
339765
301728
25926
50600
69430
758014
90319
752670
967409
252631
566978
431831
260336
340874
203521
143705
759062
385549
51448
438199
34509
225234
829520
68215
9072
202020
203503
710478
717926
961739
89904
631719
720210
591728
527703
759388
410498
634579
337373
131739
444062
441216
16486
740937
289657
601282
393828
408200
278338
106038
475163
852950
410402
424950
842319
636343
578615
48129
252090
262397
472024
582562
55261
13892
809202
897164
483941
278916
773016
602540
476045
557561
211153
21387
589414
367009
191469
617743
112939
130216
529403
983838
910446
356423
368350
560265
510869
855686
815615
434154
634003
576547
485362
685636
8229
488558
24965
761737
823006
97538
200461
122270
532340
904946
578139
244666
727932
974248
23412
189912
787556
472982
935920
859640
880448
969742
462287
236218
456901
850413
601267
189308
158688
679217
587451
579493
446831
613351
278192
878660
220957
160516
965502
963781
181560
513902
155879
597745
745671
438448
495632
236488
843792
436940
771781
554115
419003
273045
29233
217658
482321
525664
170196
597368
954645
52946
611642
613825
349765
828199
223756
259323
794873
424865
763528
861683
457805
858108
429863
325900
195917
364630
157625
854904
204223
299223
412377
496386
776483
55906
558730
916191
593366
510343
30583
98227
765416
386079
737975
550636
93012
163318
559541
651469
256822
760626
757479
656844
921978
102225
877422
408865
85087
488377
727031
485337
688386
43332
810107
764820
436680
231473
463540
121245
902124
875691
225928
550231
634371
51359
672829
777190
909001
800336
285404
711019
66473
270140
522556
404127
56926
289595
668291
445806
327395
321993
768707
631185
270235
241061
792120
825523
172355
561054
452903
640951
64466
543778
852646
35380
399181
816264
563734
228445
310224
207912
469875
926458
336109
494313
349063
706939
914922
97936
660789
372749
109682
302218
682883
826730
895169
2983
954254
806252
471141
955110
324433
546439
862863
390919
124069
530747
162689
981140
543151
493206
80073
804785
678995
23838
613991
714478
210815
397581
433652
165772
825385
664097
987870
132144
575332
451602
968508
885515
290432
133286
490226
891333
984313
285227
57330
334458
578468
900554
559194
711747
605162
663757
948145
29586
895335
126997
463543
584764
408993
34923
552250
383764
601541
881258
505670
577771
907236
425746
318814
199797
897849
211187
758114
567787
359271
874961
968956
333897
752452
686600
62688
350432
907017
186175
431873
601665
296731
423849
112067
661366
676384
915468
425363
711601
914080
656504
664319
54748
572011
495969
570587
431819
957892
145438
752540
487268
317088
805682
833776
464004
59426
906794
751872
491395
273235
990271
977441
212560
185551
949198
962845
237272
639296
450045
769065
839696
827128
892221
781202
787569
912971
819831
927461
60756
342720
282956
448965
728518
259070
414881
490297
788370
582550
60945
866633
272384
220920
289925
998981
862123
56597
877523
456970
990006
242449
697621
254901
889831
605933
397813
71545
46427
614425
558303
177776
440066
149503
494620
314682
283141
155682
473296
253776
135162
230295
200944
124183
550801
571727
978357
662421
197206
85119
896636
50025
992397
889390
954801
933007
907625
42350
627318
543394
796234
251963
365828
133309
313696
266222
651546
458278
340456
762974
844463
378220
763554
182149
627236
199625
183101
617523
741874
819599
241935
881748
603005
962587
755470
573583
109941
544635
38434
435216
820358
737697
431084
203153
20058
273481
99727
92713
156132
636993
699699
886139
774202
653349
569369
876978
846725
941538
254557
173448
492136
104344
155926
287040
572536
163193
281962
95963
284414
764180
843913
762021
705496
765664
472584
88528
651010
159980
971149
667698
4295
922058
647466
391261
952697
667876
601830
714652
467894
902978
164796
244959
249288
999831
482737
755106
850495
19519
491605
352667
194243
564155
320765
183780
267767
61563
819306
958053
633985
714643
495547
830448
105389
388147
987950
883726
524094
406392
809426
571564
397526
599018
311776
25198
586746
495229
479033
367950
880681
739422
562380
985048
686489
61339
346739
197888
951599
80354
570276
31023
547034
26334
977404
958089
862965
863104
969082
812954
24894
291166
297805
403612
940374
465766
642764
569373
457478
252317
358468
207658
912429
34576
515074
156071
563917
940896
719248
671610
105144
718748
260658
558495
891028
16733
22173
966180
375011
592431
977067
47764
701276
706439
756213
759676
869706
320451
357208
742060
236983
680121
6040
747763
342054
987575
118585
214849
29043
809278
200723
526071
934065
512034
12571
763241
427348
153927
537788
490737
660520
49473
593843
841330
515805
491183
903268
960647
681132
198018
112014
867346
749336
140038
144977
554217
955210
901549
128103
575441
548464
363490
996404
881302
705523
607918
493035
978037
344198
584084
851189
615694
878351
704005
295203
154033
172228
425837
527483
202947
528811
873887
965775
824149
285093
175803
166528
421613
518478
65764
138570
401199
723107
764234
285007
623810
608920
36055
635531
700518
890451
914510
599170
925074
263504
131750
896780
244692
985208
454242
406900
568940
1284
832015
770763
233192
75295
293795
880430
841406
187501
676900
619817
974890
61411
362378
871149
175263
328745
930076
629793
171802
179682
359547
237566
500234
749941
928572
248945
19169
55905
619266
856362
301678
276185
768921
572824
974685
425035
136919
307682
105627
691435
844249
293939
715013
412023
718874
538901
188584
2081
737419
983961
697890
715745
628135
567643
60780
120119
899073
124079
688998
900611
566775
799235
731098
610901
669980
664444
703554
890226
965950
915489
267139
153804
950085
788397
215797
811267
249000
963313
842001
337967
514770
913169
881268
212252
354414
114665
832748
240199
270459
217274
747929
20484
70742
258601
623146
827393
738610
566257
756612
887369
287913
36308
388427
815074
458283
390454
71384
965308
17368
903488
577151
350079
373028
934650
323282
876096
223626
966773
386494
597653
7054
285543
627001
489229
75055
868503
20169
805232
101132
230544
561868
817209
177543
476321
428269
595342
214831
430753
209815
624744
336622
844655
770184
515975
542497
423373
158067
555196
446146
109728
704414
200858
914623
906031
456275
889472
641938
561560
223986
87887
596411
81404
868228
28744
652601
416381
643040
805219
304788
233267
615404
749288
106029
895454
372753
686682
789194
727261
787761
646949
170535
989013
967654
984468
148486
621463
763298
256062
164605
766594
804823
570361
755493
836393
885117
906170
539004
662091
756021
278026
644956
908431
646934
797454
693397
120686
777796
696575
636940
48931
776012
344436
465486
935889
89662
958399
867117
163487
524672
129002
712434
253859
992776
383616
384416
774074
491274
994104
142308
760244
227968
621024
764425
608445
750177
543046
882982
192760
633044
371496
522216
80682
946419
859920
833561
390974
700504
907626
61548
213336
958634
408225
170388
486501
490308
28211
221130
460207
752586
3671
894827
633413
911965
685764
570644
795193
285375
660589
372754
242583
879243
303187
18982
924667
127859
761513
36085
126070
946153
175981
84108
260795
225769
450029
522952
831836
505864
365405
425152
190702
920801
936692
778004
662621
440415
168468
82211
955368
444158
208993
9462
803358
419204
550852
918855
456246
122172
911669
209136
232299
738572
836607
166424
782422
736031
160848
719099
451262
136261
896367
405159
493820
583633
439334
385253
431109
472202
636193
425366
490448
471895
255058
689386
98848
99244
694498
382837
998442
400604
340158
723442
111278
874125
797522
306934
369948
491260
686551
107302
915614
878742
572006
744157
939734
919342
774220
402828
178782
139123
628561
216834
700846
802000
493373
407157
775538
756014
910682
154334
667120
13154
91082
974617
865928
754134
448724
406508
754899
654892
579875
880773
797376
404830
747633
617441
818605
959106
645567
301476
607798
992120
210272
453237
466208
366492
235371
202841
484360
301911
857595
395523
475044
780538
474365
220999
123908
723048
59915
999821
292486
63352
578083
804156
830131
959339
975815
149069
400148
424416
48318
695627
300269
254154
523592
822498
553809
234048
666339
874554
93691
934573
558524
859004
224125
245437
410414
397058
543921
363592
994553
884420
614289
937215
690448
319605
45329
743371
466520
360677
171996
293673
804312
739762
711497
109539
403943
470046
687080
918858
858622
420690
318239
471862
261139
726761
1458
95037
290281
450843
445742
788210
117515
888436
140965
80556
528378
181964
941478
486186
49406
911847
712516
41918
333811
804132
896713
724493
558538
919707
559498
86783
263732
592673
413963
569920
881842
49467
517762
926514
250425
949016
792901
735151
690937
946023
555675
498643
162593
631001
828176
133180
393701
331388
17089
926921
372729
101698
383569
11732
615642
554052
630798
749292
134485
168979
856639
573473
928922
148318
353624
997769
920714
490106
317199
129390
209387
203240
545243
427698
269257
64366
577679
916543
93434
263916
182180
456578
106470
585410
520904
326999
672729
65107
841254
76059
153033
462299
617208
340031
534854
950679
986082
101189
909225
135473
294352
818100
273984
214357
422614
475948
208562
545469
977018
945636
549946
3140
467842
641290
641979
123799
654126
929483
251907
46436
555554
520150
338815
905792
784880
225837
986351
210032
318008
171517
132344
63809
587226
506321
240667
35064
422539
383305
954430
225510
946572
899316
147777
480754
666545
325788
583763
170437
578550
169367
406183
283010
720242
775535
62412
586107
949083
929441
650117
299834
125018
184617
666315
441149
816650
654839
476487
157098
108307
443598
441328
755070
247869
543868
529365
113280
120773
150315
506510
508041
521969
213305
299819
144697
951872
233967
907874
446381
552876
521761
143007
991784
46924
13686
671110
982670
323024
657653
447579
808277
474792
202402
347540
281416
200540
902887
941833
988172
187655
656802
841393
184121
901128
955147
80125
618329
586190
785345
248394
795355
224389
302040
229660
681863
923624
197011
313827
499687
609749
931103
661875
851731
895529
113026
782560
977508
82568
131611
477067
706454
548273
328975
779567
198812
635328
730176
817859
143889
596978
435394
17248
490068
910767
794704
604519
424270
86950
774963
231015
588594
391762
105255
560897
625253
36103
721089
324262
286173
273663
448325
381159
108397
367529
771861
746607
861728
135723
540883
746009
712283
43660
262378
270123
579993
964228
716417
324984
462430
336340
199901
86031
569799
221823
786122
892660
804774
832617
552452
591232
172753
163736
878866
515989
401352
105623
61487
644078
568064
971994
213061
943715
242165
188839
600219
142443
665010
214559
732378
341857
595505
965109
947574
212106
350181
884667
319411
658271
990062
280020
717585
232922
665030
925634
683370
170822
936953
673821
620787
723493
848661
257140
126126
932269
714177
314727
592080
217120
408402
219780
481789
458358
178717
439562
348663
104489
101170
429994
152009
176620
528814
152221
575453
90670
72187
817128
226773
765042
195021
549887
865455
865820
875734
97482
392757
45278
594309
31416
244868
250270
927754
649987
110142
198843
307683
423546
798274
642993
402610
939166
427794
266731
758901
846218
556081
230177
702530
485008
937107
55207
433745
981377
173318
627819
941427
567657
421805
351981
282228
977304
947461
503805
925691
362128
398650
593553
583923
991539
459944
79869
219108
606894
76414
318991
343702
820317
722227
111544
227542
224706
603047
426378
806579
307219
743557
116430
95695
165435
861814
103730
827350
670344
125793
564552
994485
433080
491146
261031
843123
111963
110929
294728
149751
441344
178724
92419
581757
233863
177881
980439
510521
642497
122262
260029
160574
943598
786308
66247
235369
712300
572102
224072
660137
464040
53409
377643
693090
468949
480175
231006
342933
182222
603484
598014
820188
550874
698655
745317
18708
331102
906808
735972
866239
647925
803010
596175
924692
443878
231675
50712
119802
106989
390933
346322
927951
927596
614041
646321
843075
546113
897704
733097
685787
798863
393096
581086
119298
741583
571105
60293
444431
800569
42273
540964
596974
198075
278693
67226
536932
264780
145921
624222
632993
21839
903241
806830
947911
595862
712190
840716
132235
320521
3906
221473
534971
522907
362822
799900
342687
370357
272260
447014
132010
638923
456599
445458
21570
640357
726075
243052
951870
975050
21874
23365
702143
232163
860676
400809
679807
850880
867348
538992
2607
786478
86853
374448
660745
7462
793211
473659
918816
401030
760622
726737
367657
205428
957052
532802
702857
433968
828422
323959
895307
473623
551902
872075
539524
135084
37755
531125
315690
231865
537783
426541
287767
312929
636971
380147
28575
817440
167043
278532
675175
36790
208494
274102
915320
944799
567053
474471
855287
761632
241917
262218
996915
229355
802648
646726
45355
24915
332257
104269
139323
843346
259566
33250
114240
71135
152064
143359
719699
622211
337183
700931
932299
448055
735183
493416
214502
118563
737331
749858
589701
470793
198799
789124
627782
668722
973489
784569
796074
894759
934133
875894
347233
958546
540555
441473
452586
478740
630672
215213
575873
338799
149686
175957
964752
253367
552756
513722
608778
527982
828243
575198
106922
827615
906615
444718
343940
607989
801051
306168
217197
524984
578692
779578
22594
908355
64523
217045
695752
610832
366183
499419
648708
971725
352811
456983
331445
718585
548284
175206
872039
880780
253487
775373
455679
823256
611001
273996
450828
978809
275579
522147
2129
373390
356063
860099
946387
284808
665225
610879
893307
155420
191224
153281
657546
641594
123873
872960
210520
872245
120558
186495
642275
422701
729276
98615
630362
45236
471402
402897
671514
665943
828824
363352
900121
943536
916644
770205
864153
745297
790975
213619
222680
249375
957667
533452
743526
788485
76667
219404
390191
493378
910909
177235
112976
951169
252826
659524
195322
166829
789708
559788
456816
250355
388951
384042
799480
159995
141926
575931
882577
884146
683455
748062
948998
813709
866363
969953
78602
886176
229644
111782
85743
396499
450563
687193
943577
158775
783255
168296
862625
304993
701298
640607
613378
753424
202944
830942
762282
219415
728258
689102
465920
443281
248627
179237
911564
598347
319213
828257
869137
165837
536737
33774
955029
160595
177153
786686
891939
424005
309176
600789
407595
345559
157019
274906
498545
427356
303239
109190
129127
976282
115407
375041
335921
984445
997287
119520
382857
210911
668298
144063
876913
111604
986655
847444
889229
160741
741807
630026
964691
709758
396052
13547
574616
510373
333468
413918
833964
641377
235223
647245
678537
38553
32746
341184
303214
586581
202013
369280
14765
815583
827582
920558
576143
54345
34421
359516
436897
893476
656409
829778
210943
36433
560087
835506
27735
931572
781175
781977
572650
899171
379837
221412
780135
154486
384869
619123
967639
850230
597497
586020
6621
225881
36630
227785
78312
642544
699964
365916
349745
177094
466658
289984
450327
474526
642411
110579
789147
475463
285259
587019
176360
62591
612514
123236
372005
267175
868858
202291
233016
511470
453252
574970
4122
849127
130876
307047
57389
375077
884665
10261
344956
445749
861192
154421
282000
94710
30559
925700
142096
760172
662337
25398
893992
52473
101382
206302
39548
814337
89271
122712
536203
106945
893924
809140
381832
57918
991618
877343
355879
371608
308993
849864
735778
987322
57108
219841
1966
246360
150131
791364
445370
306397
751997
747206
452544
387453
708981
695207
920919
183112
334308
732301
630643
265351
786844
655957
97906
762767
95364
553439
793025
54772
743642
708544
681630
430252
4242
869041
904676
721498
905398
339201
413670
215043
326953
491806
523334
795321
85522
837392
708222
783074
224766
892840
554126
183
491545
273846
622000
358274
272856
324002
709770
318412
674142
621521
691249
898146
828266
891289
914830
359051
132884
987528
675880
503784
436356
118960
439050
693956
569249
683018
528348
641830
607414
776674
757621
825468
760747
778882
911697
783610
428000
672678
574344
4183
520029
626532
40796
130106
436736
889432
488300
552229
428186
791075
223016
482032
944783
665713
677332
738985
821879
781430
202869
660
46216
267609
737314
897054
378349
529092
713535
844994
898497
153416
915479
821822
378997
621931
579214
630671
937886
930308
789481
596767
998936
317390
660874
354292
522843
39572
460254
377654
264093
481863
193204
564284
348937
321148
50961
270471
131966
754690
797968
571468
573466
562138
802098
991550
171994
307587
53156
189178
186965
81401
782701
369077
446297
100411
200680
72155
983105
711708
968447
828588
664336
285838
159602
780101
417761
277989
2826
474503
7622
437993
881357
144849
860443
589684
347979
597046
825396
793612
82062
333625
703599
364358
668828
323752
993808
551411
342519
969212
471898
813062
564080
653092
758800
139363
499323
614348
708152
30290
749574
444749
293501
310565
887717
936095
409341
29784
750311
136598
808921
523598
286182
642409
426729
690910
751555
237195
832143
785006
288423
47881
638121
651426
346204
319074
862277
711542
607877
253942
953307
429359
527588
669742
996567
618805
984596
976723
188951
876220
295817
499761
591938
251522
872991
704026
827152
568280
226553
995855
688723
585529
257636
179561
493824
435292
591315
414543
172889
931500
615280
998239
639189
112331
589742
657548
892255
48086
278134
253840
225656
586488
267299
419419
179409
852258
886912
93765
14036
965762
535215
587647
69438
324576
442621
655962
479934
570091
769551
564606
998098
272000
824688
305561
823176
381275
481337
361376
27974
494174
510781
523787
162957
733119
878623
949524
835482
890972
388392
23474
656801
755249
929855
676382
58655
429836
458447
220018
326711
480260
791176
321003
41004
384735
860404
844485
464490
98223
594696
57421
970537
418286
180001
860704
445491
172307
558188
473782
477387
676918
272149
790150
240394
802385
496115
76895
623248
346300
198495
761573
661718
293768
535280
811835
104022
485442
469174
834763
824388
182312
635639
938175
629176
686562
339283
500639
143574
291789
748866
43113
676916
933095
67837
681826
489874
521730
306307
591813
574660
662285
753644
518672
461598
549327
649108
410189
874146
388874
268159
314957
233290
142833
161995
933545
798506
372319
174417
122549
894206
287511
293776
353974
629336
376571
524828
501120
218370
500768
930013
324777
412654
847516
687464
186190
697166
437406
51617
713568
754369
64493
22455
585488
211786
241131
497572
269566
80600
793384
74862
428650
330955
306406
605991
443056
238309
633115
627638
925194
38184
583235
928152
707482
702519
506376
431870
434324
474182
476080
540322
872483
867964
42774
507446
996148
294502
449198
587528
193196
659146
56259
676084
486804
256225
425329
356799
413786
6922
779439
997735
471426
939485
917249
57085
397364
862991
165509
675047
850637
472137
594148
458939
353355
351464
628374
423699
997423
906876
776466
262542
779514
443742
529027
308911
534948
941530
537881
943971
821772
776150
513546
229781
464890
743065
885502
627032
498176
139743
530726
622821
766196
800225
220643
893203
19980
890074
812385
449616
690470
862838
821396
310393
368958
131420
702479
545087
881193
181330
556908
294188
302230
944719
588612
885434
478178
163256
91747
533839
145676
297804
533207
102547
777513
752577
596413
872739
610298
286412
472912
723757
502414
56641
207750
590914
881561
46622
779353
16924
509405
541258
127528
553559
736549
85504
1542
970378
43610
8666
491255
630147
653790
921907
682847
683252
244818
945557
557707
947817
4396
225525
14847
92133
126657
721059
679729
472575
753211
789885
671191
793636
537045
728817
392561
473454
98261
627224
943599
191710
239655
103388
657108
534644
565432
116051
503991
447513
168339
108627
811564
320722
495918
722044
910873
533736
838129
802317
938389
278052
647064
530329
262650
851661
812493
9712
256239
28669
42019
882361
884372
517286
773106
92154
972188
765514
214720
198948
337089
474582
82665
536957
41773
257189
812356
392923
766095
184906
161404
305193
354473
519975
884917
642506
428706
708466
751290
266746
383210
486996
603456
21900
622208
531038
450437
834585
99320
482871
439128
370239
422239
498490
562792
33036
434332
384977
133832
927365
763786
618736
834953
549199
251546
742009
420783
657564
226150
252257
820461
119769
362724
869956
567998
758908
898881
410826
830939
769232
538502
473101
275396
161043
330225
133997
594293
767411
401168
269612
749603
222231
282126
943718
525443
203942
595927
918901
127762
636596
843471
246447
900168
539765
210114
157403
299390
919000
697165
156215
874172
466530
776233
763283
323672
183537
736963
56205
598383
459443
240727
984175
301859
55936
33887
695104
185749
764963
603222
525235
367809
448033
322003
7512
523393
173033
26697
801149
793845
439285
81801
363406
33317
505439
298596
619906
305482
351648
495300
471136
747119
603361
252414
96518
438705
366208
924200
55330
399056
742261
541294
341800
990618
557967
774708
810828
829148
74661
554355
321179
772766
687216
353975
473812
446552
388468
209268
3891
70252
426479
452219
400165
946422
315670
665127
797683
547760
328590
978949
762760
107231
312037
195511
940727
564759
94079
469593
468375
332563
585271
986007
696732
966877
895004
379835
216168
483714
246804
293841
665957
840126
15196
729338
812404
118742
527136
70730
36930
292279
314597
637340
985467
333859
575840
608524
983738
206204
451756
566597
737340
637368
721111
898794
578387
656871
610747
262688
93885
79111
159191
208504
365969
618355
465823
200062
880534
755883
547532
904889
607163
258475
310070
915308
782382
551206
611999
667425
883327
345305
273154
747886
741051
171014
695994
83132
506540
545060
662095
12607
129669
72621
895011
624055
133169
15443
927707
568449
606038
142327
891735
864143
841362
176554
593197
399963
681456
740798
420407
733636
411087
589772
737288
798169
904619
514708
308344
115306
776446
812553
487347
596673
322326
690235
654302
29343
108241
575343
325370
825279
646693
822573
332007
20823
398292
527321
593185
800207
834283
860081
728830
74496
395621
511808
150757
25977
229392
199223
568121
631014
91730
925046
520160
143766
901491
782671
319944
323344
347857
37664
30773
685220
315885
224068
492000
861692
570575
91945
626743
415869
406720
902143
788410
569463
615179
511255
146726
369833
296621
195810
547255
215814
909981
230641
327771
914513
443222
501754
551369
290050
794562
210552
121801
428780
230683
949499
40189
283408
12204
344227
780585
971735
769923
100387
901008
725091
630514
121167
834423
467398
125828
620127
900016
454445
551614
693616
179500
529910
82595
894249
839435
541436
594176
758167
607795
752043
993662
625850
144195
239486
434319
255383
296799
334442
421471
702877
346624
490616
506808
560070
484075
586392
262881
456699
645976
72048
683550
669410
863636
258335
495704
707881
734605
541009
876910
394415
34286
948660
982431
800564
436774
349588
36517
125841
208275
744712
937286
847237
374018
212440
541264
278535
283825
829894
394965
183417
594465
235021
112152
293401
535909
482251
371920
654486
67832
139009
125884
317520
525402
963507
944376
721561
858169
134789
267913
31042
652433
442530
399326
996656
158406
440806
354305
900790
367661
855300
76782
722250
59710
47717
27108
143158
839663
691735
212068
894851
679215
5079
447177
717925
543139
592858
476609
1600
203579
628618
265800
333832
514632
304538
320004
644179
442219
445839
59589
992344
907578
978038
386703
356730
76651
716760
606400
489081
512267
235045
871038
231447
61673
491028
704929
66069
614898
869293
644033
718721
736383
479873
931490
746087
815954
224428
589961
599715
117562
377791
956792
794948
202775
55707
938290
122002
153568
380114
104023
240094
562274
865618
524171
652645
300997
120089
436679
582711
773793
52854
444404
507800
374974
404527
988781
458081
952526
279924
178393
695296
653251
963666
17193
389881
739138
648140
859206
51315
10197
569378
912711
889451
103703
209806
67786
897022
347359
572971
459348
283778
567655
227647
883264
431020
424904
785256
197281
806715
25718
348575
841268
804689
388320
140710
429635
982503
189395
509895
756401
328060
243624
889307
166971
407577
66788
939463
999269
307399
835921
545199
622536
589002
289822
239997
6860
26799
393189
112542
65490
662463
329664
517176
896036
531100
522594
130698
568236
203965
270107
343296
594269
382034
627169
840460
688852
884027
739454
237341
220995
399548
558450
886722
492487
379765
810315
654161
209545
676042
116930
518756
854315
633658
355569
593881
727714
140952
515756
513547
211776
353652
31556
260706
556989
684088
89507
192876
902197
769710
803694
726484
751906
461505
754009
914926
58598
654304
785769
989433
543390
612716
869464
243711
809336
220753
192834
235017
19365
751403
480732
486043
323832
627615
266057
661868
799202
871250
309415
641584
419578
690011
127862
281227
312734
987780
457574
772271
227722
515736
88336
255871
346824
313082
148068
489106
590041
131531
679914
154573
486216
71284
293594
143939
670276
148602
1197
326403
978456
244380
65599
81331
639290
445925
511489
585708
951242
800159
597812
832044
570715
34212
149191
597818
756199
135665
332200
375431
685856
360681
376545
376663
461062
183167
641482
26839
339235
332757
431881
560317
638581
772955
426754
874220
633922
746696
51405
595175
427486
866404
226202
838946
268569
554110
92885
807937
308841
446582
380929
810495
457241
706735
181032
539567
938462
205003
416912
905763
816318
215235
342048
750296
343576
126769
984027
42578
111872
243854
472629
959022
67939
354762
132653
37624
325279
665097
198076
335158
604661
768847
258374
974662
867226
712836
232130
741682
700383
233466
623428
866767
427607
608874
500330
308506
542716
960657
489099
453186
502540
430933
107158
412478
23292
163656
606352
465036
898187
318657
677345
488525
246798
351173
504794
922577
98624
410548
719623
687192
835281
951241
305243
957585
483180
502637
219254
904751
14724
394200
204027
390890
384130
429307
976826
311349
183305
717607
57462
675751
365933
158166
379239
704990
412449
610736
286032
396346
807799
318061
116195
169305
363981
37360
898637
3751
459416
251619
404938
696005
417838
687663
695320
559924
43451
388079
525511
147259
161330
43077
534183
412078
244142
820070
399923
804736
114915
749813
72053
87036
276721
352016
114757
850691
368862
890884
600447
260149
353713
65346
611277
503860
117399
348184
442245
555345
511155
570413
652781
122046
257887
30573
163642
298189
621317
561823
585893
588630
508157
750200
49084
359617
594085
985931
291739
246295
449838
871815
924342
670279
4709
89205
711811
89080
274620
350282
389227
660210
264302
960064
565428
509064
738001
183978
616656
906867
356291
593939
921089
358877
935338
350744
101695
229880
797757
597057
372453
938354
784006
235061
799924
925555
401617
666748
188402
120499
932353
235381
298831
693145
548566
175201
866273
578867
942216
355555
776783
489862
289572
511898
846807
943460
621845
208553
651700
526567
211517
399161
548215
506627
925564
68832
157115
672528
572342
948192
59600
843322
399971
783286
458822
181202
540115
188580
992750
562475
873862
634244
317487
820338
957607
228384
66078
342494
85182
793402
253470
34160
270393
170510
85326
385728
224343
321204
492204
880929
577314
464013
141033
823183
49923
444970
720417
805776
309457
62752
245871
8022
896415
976167
961658
456294
869675
12988
345822
955362
305787
441793
274119
278448
375213
499131
983839
98614
402082
992616
106632
924955
460139
242356
515321
977609
90550
743142
362223
493395
19551
368099
310027
328046
839091
816568
907248
523590
565939
204519
229857
869993
264429
326630
343785
248605
184948
227302
901826
211667
344897
27883
276191
767848
462758
751373
569232
740426
268541
134848
696025
978342
439145
855641
291281
771017
668367
814728
346919
590028
542128
734657
199662
397024
995475
356728
677152
999740
13169
18465
827672
332677
212882
956472
219462
543915
277112
708935
330085
983341
565891
304222
894962
826026
42259
33683
464830
146107
925218
291512
531645
740996
489605
823663
561395
786526
713463
498554
318988
217273
435712
367545
3217
53892
113650
400685
986551
571429
775727
341728
168428
654909
603875
211066
389557
869203
168277
514303
669731
119820
955549
605509
251251
328846
414709
287868
115081
228060
833145
560455
168865
279735
795654
241361
82835
217349
64877
873853
419502
388191
871695
74654
276159
534740
441817
801429
901134
44617
35261
342212
471651
408069
179379
647850
770182
706100
464507
377326
291389
577407
979024
744531
371237
545974
786783
213086
750328
719229
732516
408766
150396
477218
836418
465088
619852
192555
564787
779558
559359
628583
125567
77181
910609
242487
311986
888415
304913
501481
612679
120530
273112
279931
875532
956753
863146
395868
689526
361693
626583
209846
782660
244815
894467
762522
419558
146771
290609
812708
545777
750118
724007
874084
711835
473746
430286
775797
772607
959438
688212
679726
32245
975450
921935
530314
888566
75629
721235
747947
966801
331373
203047
125638
384592
724949
641590
65457
268316
620300
88156
933157
557262
521827
895605
600652
105862
484730
597897
840289
614194
567569
52728
310220
269637
666417
935056
343201
56780
502397
636472
63163
76104
320381
652827
433256
539657
140947
238912
551959
756807
722605
381370
591437
397289
726267
68943
330067
562541
572406
333076
200951
45969
239680
231995
88807
478209
900989
558007
181958
97818
346773
576539
24021
811447
641324
55580
195406
123585
562750
486523
515059
929268
139027
264571
972664
541681
902054
708592
168365
835472
668223
595146
368990
995
70722
741729
638789
725824
858816
759371
865365
93735
714630
433115
832634
936469
433083
462211
972558
438964
850490
899512
439227
457836
754799
972333
78872
389376
651959
976372
920885
324287
569584
125827
67875
945436
744058
732819
687399
274656
374564
607493
216419
344007
492920
349080
923299
547270
122796
360265
170085
406558
797158
554808
112784
322103
133611
484383
266392
277147
656866
887226
572422
133351
681328
189396
711692
922488
474374
418983
398643
128708
452873
928091
931030
572851
692423
257055
243557
832066
426842
785759
45491
416729
812937
972154
155216
490159
770897
659724
531625
410503
413926
930325
532150
145619
157758
516349
811442
873971
801792
548271
963393
621238
92726
797405
759737
160666
981675
935276
569771
502018
883126
385926
880825
393185
646405
975168
919849
382126
795489
516146
286393
254381
519787
429559
42067
251889
45344
842858
827562
86160
731922
191287
360630
421290
635877
616514
495683
397075
644633
456153
36610
402654
381506
44594
12002
402015
143570
934493
948244
244031
825970
239091
90390
948932
53098
480987
766101
699971
666303
583718
584364
18721
475663
394286
589818
436928
652975
377222
208437
307646
972361
895106
414170
544099
79762
335429
613511
710665
403085
50741
970249
516767
355397
553975
929602
352463
753907
410223
678390
730703
541301
409486
263189
191397
408870
89837
800300
331035
847521
343877
28625
232814
372999
947099
470988
972059
768105
916552
599382
923727
978139
982574
53526
754535
177032
580979
888378
996750
9424
143146
789014
101509
867238
335767
526033
176329
797856
392800
840866
454899
891649
684441
799687
639345
552032
706414
775295
413813
583789
728101
460354
901666
245050
557136
431757
724858
483487
53389
105227
892236
940750
843173
980102
48910
3801
167415
13499
640821
235112
659034
869836
55276
179193
899722
532173
886594
132992
765129
137846
125668
257829
715107
248948
52157
234187
326412
249923
167836
584515
144616
245182
156652
628206
511206
161371
484503
51692
690540
852239
964038
180672
627793
62327
881707
797566
282142
302210
577068
923088
893930
173281
771052
915354
727793
394696
275468
279556
218137
856145
595861
958738
574519
806030
121560
713340
331161
857485
4793
175897
858694
465275
220606
134453
103512
480838
5884
287837
265502
346219
622942
52453
714726
363347
123877
81238
408817
375652
393035
591067
106629
844487
298109
784055
265163
732465
582578
536484
28473
266203
766201
759491
232811
539514
193785
369220
616512
168619
135455
437953
694708
155206
217340
318596
332917
24564
225295
68988
204944
194586
964071
113340
97900
54176
325871
408072
896080
878631
255343
89005
503976
315664
720455
198558
226852
219676
684486
599540
961848
231412
614700
965167
918648
720202
477459
29376
166213
884682
584777
313147
982330
641681
869299
755962
58420
677923
404111
118685
633867
289993
894424
783861
178069
27588
779402
795520
100764
421482
561318
105079
820799
832518
125953
666514
868132
493402
524928
472819
505695
653132
189271
399160
819605
438634
883125
133111
950430
21173
721930
257522
937289
50475
420207
890271
395923
63833
262803
575884
793108
563931
196484
244249
264286
883421
29466
348445
1703
714430
325914
985184
375602
349747
155484
631253
144618
670215
42386
846245
608513
476547
449387
549258
721435
375544
357352
947050
266470
649200
381588
43740
883020
808645
670417
765047
615635
199208
477764
305154
449712
317802
909489
906492
57203
587597
176420
911473
984739
649263
355887
791219
385076
236506
84519
148302
884264
251767
226433
370296
586935
766790
460385
484115
143170
662844
814966
906631
690958
178890
104277
385357
755433
357455
264932
611977
975546
959840
140546
36953
939456
107611
520140
644976
595204
309107
265409
740063
13386
784949
615369
81293
166495
889876
945948
41216
452123
48275
424061
952021
826907
495762
131686
71196
437588
775977
742464
131577
197901
422364
520476
358596
305131
757672
156241
21951
167789
527564
74323
296530
712973
181747
228881
239011
462739
22503
451081
420704
931880
873109
6329
655466
288814
45617
853685
843490
793887
941876
912894
488051
480228
266173
993426
298909
152971
654344
28604
731846
720204
976398
663208
179653
502530
607686
931794
214540
670626
161983
787765
503781
611230
189637
297806
210216
143641
664919
467522
851555
373058
866182
404533
165603
835912
762027
165374
913656
480823
770572
223153
763943
476953
642139
33274
526390
975683
912492
23957
92291
665351
529192
228137
205130
185875
555658
746257
147607
62872
263442
967207
285385
30362
475158
825586
472828
341639
268422
801591
801167
813023
43547
278779
715967
83919
378130
697077
889039
390553
60668
717098
730195
829654
243526
300645
349971
500209
703177
991968
750932
234690
650906
389256
383343
697361
582238
103231
773646
271215
945398
584176
670592
93758
791013
158459
107553
424386
546904
109338
820584
347531
579293
754085
682211
548763
732200
174952
735111
607828
783078
498286
108759
184482
25610
625437
611154
193694
925690
954714
11844
677171
693671
818415
179101
163445
969062
583747
10641
835183
99339
957593
309816
833493
289107
187229
234863
589885
128107
483814
949307
602619
174336
779510
480943
824108
947387
733564
540499
473336
511310
995775
387061
103866
720156
458116
831256
954212
6208
579846
887178
610362
338448
799241
385518
200106
396519
953372
610418
249981
216143
168328
743050
295845
794633
624257
1670
805855
484423
972518
108779
848063
849425
911782
761156
443385
435753
976719
70292
3900
997021
556544
868385
998243
966792
997612
142429
78424
715696
894203
691225
810635
944758
87935
186673
311496
66657
977499
891764
220096
46759
163644
126482
345866
9064
402915
562250
501003
603002
66869
460864
573270
689286
795931
295078
616742
688484
958664
799018
372099
941244
934098
304337
616351
839273
925542
656911
354198
896614
477560
290275
368083
990051
525707
562496
865260
252538
164001
659369
588791
890797
532015
418825
886790
924436
941496
342258
845459
480986
575677
608992
757194
125169
372760
316775
225343
565419
35343
478212
829949
800423
989292
526845
553526
280229
370958
871137
470453
439754
920423
342488
340076
474140
67811
269496
867205
144607
996724
542141
582359
305988
550012
805267
539039
643103
854986
852602
210572
636721
516216
115135
519791
299884
175518
490675
183924
881967
168655
29499
679463
169186
188520
738827
12494
113401
655305
646609
514742
570065
657517
481313
145926
421988
283127
103110
315194
709283
785874
354320
136914
777652
163280
250877
356370
911091
834115
589647
522196
128576
653245
80610
797710
454742
445135
860502
770083
963229
45285
419190
122092
462872
346962
89130
288963
682957
725414
394006
248862
633297
243352
580612
425947
87582
358643
344986
79249
355353
943630
812506
984603
400253
956046
666760
321365
936677
336381
168297
512181
436795
659497
616392
213145
878247
400588
354285
36854
898787
990422
664380
21209
735984
520071
553537
970402
821111
693690
794277
711638
412222
390015
625193
130092
43068
530341
765961
411921
610952
42757
614792
179988
590322
161143
424147
604693
391173
348587
302884
971287
542361
535470
178223
821209
452203
399151
739000
982512
340714
263298
115875
365789
255027
46133
670133
703744
65260
324203
76812
343117
504392
12601
23021
941090
648905
778457
19781
467509
886043
354547
412592
293681
529536
267040
76862
768632
245175
850478
320187
72404
639125
172920
899318
238820
134013
257164
317679
223012
498288
809268
763673
677773
773905
282442
975252
125545
129413
858213
991269
395845
449659
554237
24521
464242
702523
514928
864414
482631
280933
983600
523852
739515
654557
300554
945149
798821
585655
614117
543789
211871
964310
635005
161391
299657
839167
569381
352288
756897
310309
856247
355781
904056
309418
209127
492246
348197
769749
892872
278972
724408
504472
148010
98085
351299
2477
690315
238811
961287
529096
234977
22727
675130
376688
612981
912470
94634
153523
663003
708934
973303
526096
703117
904259
841214
417914
185284
619945
20013
527631
390203
484349
713198
555246
768926
444513
876631
46290
820791
881468
298281
395651
765836
83825
628820
597058
79526
447125
170821
561814
463593
278619
440287
484088
776563
770394
169660
995806
186068
619419
278423
180898
502633
948453
475362
437977
353765
317008
245739
48082
12774
306777
815194
246100
779961
115209
531943
932295
21737
727756
717151
912176
42919
539906
168501
102879
773976
496562
735979
723402
400125
503126
183589
951813
870532
602277
256544
562912
786895
130813
410485
776999
170809
154143
503706
757507
901762
288899
618501
793413
905214
330362
468037
7479
574756
306885
330737
767930
273504
293127
874678
779979
6162
967700
66063
276630
430936
176555
417726
20709
347094
599389
984760
607602
569631
58154
298881
71418
60880
129113
620926
551333
433563
666679
417227
669340
415469
124518
484643
539139
477716
52577
293959
837729
303558
113032
643784
226640
211848
642371
53343
315480
494940
400047
83921
598129
486660
766250
623878
197216
845330
456347
91506
789326
963861
411423
164345
932485
190500
816746
845132
273746
849517
661579
746937
890749
281309
789794
991017
21956
805252
167868
367508
555520
191053
567534
348192
195014
890178
740292
674813
263050
492451
894634
359212
158750
873334
283119
719454
136454
229541
720936
714089
471374
926849
795368
44527
211018
453833
521556
24424
761782
625649
50282
73963
504171
119002
698317
944903
179720
96473
653815
845241
784489
492227
635418
173922
801465
829857
173299
225688
283256
249360
109987
2182
685951
460079
395084
780231
500469
623386
575574
255353
669072
442731
869568
852922
420254
199586
646610
557728
220291
348911
296061
605683
782939
815735
7418
742624
31359
487990
3699
48217
136920
160482
367741
439729
804262
692823
527393
455361
362268
292397
880437
16144
897744
53293
371801
553405
37581
363244
900779
330233
511671
46339
827088
880625
117817
869970
103393
902432
744442
458363
388108
183306
226005
310026
799341
645583
88183
607584
945854
710290
738656
348982
499877
661003
277288
542143
747170
234636
943231
882292
835181
361207
818802
894735
966035
299324
595760
85840
205364
532573
697113
529689
335124
880577
354114
14390
756764
198099
879934
514047
9259
779565
185615
650916
806714
747494
33270
817517
785347
375877
631600
477162
373722
115979
726992
439140
506726
913105
187679
371779
211887
284671
663939
723352
362377
49181
261604
893375
884786
802159
905509
455186
786795
284799
29347
777207
839587
529991
709994
354865
300415
336754
342285
192182
770438
112319
514719
373599
862933
557816
860022
83737
608828
812209
636036
468455
247682
960861
867879
818638
659171
206662
324690
531531
651953
985879
112789
562102
969432
673490
806809
57037
266886
763122
672214
742254
194339
237102
186786
245666
908195
61446
821598
871545
743880
155331
800830
586955
761133
988955
258013
296894
299711
656861
801028
684828
88231
937416
499883
235214
388034
130243
595123
230952
385697
867587
118082
815558
366158
319628
893293
497739
511782
532097
789964
85967
55719
483993
678693
70310
264101
363716
248050
352575
306517
328707
622761
151155
310781
921798
133644
571438
523366
4235
863765
439312
203284
530343
814236
254968
382038
93685
97632
483913
584371
400544
818071
552723
912394
239718
165491
379445
676758
910978
319193
706489
943269
104621
981992
776157
478765
3979
29903
835810
625608
831552
138781
212020
120743
567838
401255
470891
595991
455923
225120
719353
357721
982103
13191
971121
183290
161469
119787
702562
552433
813377
343421
253103
956658
38542
477805
917943
1809
661388
743527
521031
660700
837490
113258
240070
9123
901502
956222
86634
835
296134
63616
708525
112804
309078
720292
368084
723825
302063
289704
441705
16691
626846
907360
238881
419675
181127
582973
6861
219933
788180
78239
890960
818462
167690
458089
838171
881286
207803
472474
733004
726268
346225
984967
86536
668282
810845
604969
889845
196926
719431
577847
68438
31070
361273
858721
336185
787898
860950
250601
840619
776046
335876
319715
819365
964903
733258
808412
199021
707778
389300
116650
914674
635097
460032
751057
531724
780728
752018
941463
299980
380105
936153
665857
160075
352060
591839
407190
252282
182047
954577
129466
978705
356047
119010
533242
626801
573589
940356
248781
984990
208750
409259
426022
817259
813503
503844
272992
420279
199459
262519
924648
618929
775707
170576
625121
567691
67216
409150
562285
935330
133025
442769
253179
120886
843480
142890
605672
588295
140610
260748
599832
904849
681445
196934
180551
856800
438993
886680
750534
533979
230166
297220
446383
984341
536968
636087
128670
770264
649230
640299
398326
620398
983745
328504
821826
432085
529618
185172
188313
948121
26837
938732
62667
117090
165029
702999
174212
627908
33816
762818
635264
1257
35588
901231
251521
694861
341172
767876
646952
963368
429066
105539
800387
522968
806417
399852
611265
462125
398234
964156
155500
827130
411585
505734
875290
871327
409161
63185
995580
813686
827445
797197
429706
348161
163981
953578
925375
325457
828054
578216
986953
504481
940728
994913
15391
971749
195686
43343
670605
702577
103438
808820
112335
276879
273274
33682
667037
839089
4959
154104
409730
700174
941800
756907
997022
994131
896790
390445
556875
123284
747283
647716
567144
672096
361136
228744
31479
731621
421238
964976
908605
811839
258517
514528
456193
205678
183046
284270
90493
450827
143877
330678
311360
284182
471747
76746
275480
184205
392589
122957
116779
716814
867231
975849
555072
592639
689211
734135
742481
23678
544367
638402
802341
981222
230343
614166
35744
714834
239040
986425
847641
266952
258865
698632
414102
108741
453353
876911
818430
855348
233879
672472
104555
118153
634352
575679
940775
603614
418238
276298
120450
487173
940704
114159
719357
411413
114897
539678
150367
8169
844945
726837
715161
285786
317304
243772
598296
957785
648622
404398
430799
702940
550777
167488
241525
542805
905141
899772
270331
343733
472109
114640
4913
934316
464406
359189
599803
510364
735604
866100
128535
888267
487752
698993
993837
900901
132394
146764
35420
436519
621233
51316
767562
397729
637668
679577
653124
930050
957534
613104
35393
706730
650181
878382
660838
145070
164178
146048
766593
388492
935408
266277
365181
64325
341259
127343
443950
962378
125342
168558
492380
144576
550709
159019
44665
339892
151138
128903
367804
182459
213017
975452
691192
279575
192701
863093
484270
474743
448971
626020
726271
661927
969174
363651
436569
601871
112588
537737
48523
436544
510247
975471
389740
146803
802442
253611
25363
240011
564186
104494
341573
771307
725512
211451
463949
704949
760708
859223
559884
293583
807323
259569
91285
980141
822541
607477
986915
767671
232586
995667
848199
717208
521564
550670
542612
967577
500104
991946
209352
231678
886777
572543
244204
877124
448464
700535
965111
498060
12479
129214
294681
753121
483262
169011
835197
711803
130918
127441
928902
586603
953460
265846
780219
730950
297497
613471
701949
995957
218021
394439
161159
832927
205952
469008
922517
602899
940501
925315
50533
350854
681933
203870
281507
608042
624587
307912
330131
846401
793908
956066
186312
229297
266098
134736
497942
836153
568762
745370
461643
119095
771009
342380
287899
698924
63930
800994
251384
785725
715092
94491
321250
775200
263372
948638
214151
379260
60476
398685
124074
701666
848942
72313
982246
522171
592365
323872
515309
202611
421273
36959
299796
251310
105490
124762
682141
485148
817589
808982
337460
144445
779344
214289
274134
295167
777320
347034
820101
489083
548944
785685
498796
675261
915534
17504
590997
797894
647372
553900
499436
296700
20366
221388
262642
97705
864987
764652
184270
535448
629159
69569
391104
297378
693006
211268
684833
186763
751013
488381
688203
682064
431801
625244
702758
634576
319349
104396
208234
411932
206382
954702
944895
856957
698770
35926
139081
93009
917143
635363
268105
73436
467030
704566
696495
46537
631194
100237
699542
370043
591797
33486
26140
168778
50782
163649
998063
111621
627644
228978
561875
486489
710984
216000
76267
247091
454550
113198
573695
448267
183571
285640
413111
754475
22089
678783
71180
278352
129560
815207
794713
402478
136779
231964
237997
744804
161362
593715
70682
226333
714583
985317
158567
570097
879140
163184
141725
205416
893869
434118
404394
866387
277311
937363
239550
294537
684542
118639
375647
549881
413032
547410
697309
691161
889764
180953
958737
560489
593485
123269
339681
56799
383910
709655
525834
993897
324196
810881
101018
679421
718518
803356
371381
689847
717193
185891
61540
861033
860271
403651
233063
277886
321347
239256
706192
709857
290309
776457
906655
428582
352235
686869
159069
366302
579886
943372
336324
116625
793762
285129
539783
226942
88195
918036
772770
26681
939338
324671
862902
936610
360241
358872
773110
352606
839823
275519
307169
211002
588040
374742
165790
618171
636812
355464
891102
216801
740976
409531
518412
319607
64374
135219
859167
671414
423228
284156
54560
186099
798043
526668
393406
215435
79475
996596
252678
688041
857609
890089
307453
208419
976915
546646
854773
60899
323462
136250
687780
622453
985815
988848
733907
480397
754357
910131
136281
922217
722738
766746
369891
815910
383445
659682
768029
506300
123185
777274
228522
696750
77407
794609
910445
538658
617188
651145
579415
204890
347806
263184
899421
138102
356724
692693
577346
370211
601434
377144
282995
806227
945471
368649
482999
743546
154083
389732
686470
202072
73262
504803
435620
288694
844582
616147
179878
688848
94470
262690
390196
468825
300288
22996
431985
519478
531109
655647
656005
744699
304874
909138
636298
29134
688779
938990
47232
40420
361576
581499
125657
720612
728564
150169
482009
16284
682867
166270
528116
593575
297657
178543
761848
789599
800282
800396
779686
62305
172882
723098
491584
482950
72441
997242
921415
32100
384163
994571
627822
275935
64787
508919
218680
394378
476821
94995
994701
115282
71310
998099
272962
799677
270355
939541
406284
664730
54650
230079
174104
371518
861367
58597
37141
192657
975130
772622
200786
265765
64367
820701
930907
498820
986499
243555
546830
132075
649725
866822
141576
475432
644552
93623
199495
250451
908409
882268
250125
713118
266999
383328
881769
641805
75275
563599
528765
922583
724297
850558
675587
215630
406941
238038
894816
920620
321465
158722
866481
856508
591116
417579
902291
201464
739758
682881
238877
169008
740458
679633
557919
263893
68993
213977
330435
308598
677050
945380
753294
454148
248504
881001
439622
492988
622698
32112
261503
686369
994179
269324
879418
684567
781536
384653
186994
740700
638281
488461
13606
872339
815642
34384
447376
588845
450426
800871
513679
944389
151806
340987
73295
257787
624133
593858
551300
819043
768056
853221
219190
714100
805555
908725
770689
23685
616920
147376
435264
186246
260718
404638
793249
730707
164803
537288
883311
577882
52652
132510
573395
542367
377278
790209
269782
245402
517750
7263
464412
999316
917076
607407
353703
900355
880012
229760
516880
667041
131053
729526
931822
554204
125485
630292
269939
501931
631435
941749
966882
237639
668540
897838
342459
992659
503599
855624
13529
887526
551389
25185
483917
907136
71889
191977
484779
138581
800302
309745
647261
573227
760491
377814
19414
757658
919576
32523
613381
456955
302176
414770
675073
582043
51902
281101
981892
219318
141813
198577
426028
597251
469784
637436
771989
215579
412093
415489
408939
641490
637747
938982
401539
204525
150255
981398
99999
490403
417653
529650
48119
810530
881497
403847
717341
259771
701286
363862
216006
755597
525764
649667
906698
148133
458807
749856
515487
168029
747719
400550
434695
137737
870435
303298
945629
819277
256662
503589
89379
135356
286244
154289
321718
191724
144474
728840
160481
375102
914269
867154
875038
637115
78783
641712
814123
781844
580584
85151
13406
752465
864787
595473
724112
292904
554652
717474
412254
944760
950869
322309
775455
204430
58114
221505
798064
635667
131472
320313
592335
622634
722417
593990
292374
132539
352286
328058
792855
480892
209052
85739
273988
433543
378113
162902
599059
233935
563113
702287
818341
583407
18214
288543
380591
376230
910840
339470
236585
740553
322783
250098
257155
221808
779010
122850
748370
98394
392673
998366
52954
494907
106162
289904
263128
323651
172308
224162
127619
507508
541973
367843
844941
513705
601513
174053
533332
313575
254821
263939
41398
483160
356326
873328
857424
677733
50810
188287
57112
722496
11704
825209
693402
51780
418501
797584
423353
157792
744874
941713
255484
764079
527291
835554
458967
867353
878393
736113
255561
938615
596159
690761
551584
24546
98293
818921
465973
646195
401844
194566
806024
69342
966150
353674
907175
247821
671189
322152
888370
59898
228413
287368
14386
325605
251346
260666
79606
866190
679230
226259
397123
149987
201129
49171
871004
551010
758848
866299
283933
215148
217788
245638
317594
464197
348277
928164
216797
894075
414652
387943
336591
201702
601996
257315
969210
8419
93079
312993
755117
70155
717264
799333
952995
654587
530230
975134
328227
119554
974760
589448
763617
583951
102340
21442
717725
504208
394127
108616
538313
843783
400640
34575
808495
242412
449841
885262
96810
447218
463175
824084
524789
545456
203260
980007
498773
431380
825541
3981
640035
75797
556311
913714
202177
143632
411750
868634
249226
310036
894965
209935
724923
145137
990761
269413
745397
772181
822825
882613
936016
206457
819891
379582
17263
788977
939006
468782
797301
557699
899907
291873
272733
773366
204867
114323
552708
962039
187589
676920
698506
143415
171447
701256
684569
908358
606508
90076
7487
222686
359259
828973
353697
85679
513883
158013
165395
865422
73054
633319
655725
247028
170680
672896
226304
277145
291937
716062
277055
404263
700866
232569
128092
721165
573446
634541
365203
270693
420985
94066
91505
275750
435192
617549
126077
880296
670143
614111
665204
205879
156229
137817
173157
413019
17989
10044
784816
318715
74748
143896
102500
668491
798420
649694
595694
570752
257904
311604
197839
363969
989327
951445
667684
438068
676178
306044
388036
745604
943196
199571
494397
394199
312850
847512
369960
226365
825591
238703
835240
888908
136433
311692
843822
123154
797994
829647
677708
956926
446806
95757
79694
557861
738946
617339
664207
188949
470366
201717
652364
571949
684659
996054
509539
376602
833204
469742
735211
831907
543010
595535
291861
504248
691636
455594
228417
208944
965793
969044
584239
410085
735940
227579
305398
458082
962978
160128
730230
704074
864356
434560
346051
65697
804698
535941
250053
311091
421167
747220
270766
543365
497497
248364
636656
113413
699978
726195
910960
638377
889330
79074
831206
603957
811542
643121
772100
692026
619322
629621
704368
973926
250446
990521
46612
942475
43023
417348
784286
404274
446711
357775
151334
167248
329113
552280
114272
89387
973464
255239
541908
940984
293165
565429
358789
922213
547203
327552
91003
755147
935682
588508
806591
87912
107781
448473
807581
515122
924274
85590
305808
970348
92658
15126
129398
539291
305969
157866
166199
784991
646832
355106
351369
867751
393165
939019
218649
774198
459626
452447
100922
480420
234562
160191
477093
879170
757249
351103
780821
926964
705996
621048
165291
456986
10831
179705
178642
372240
885269
224050
786046
735514
209710
497849
946598
718530
329483
705717
59150
154473
720595
155685
677633
388102
409033
226727
656764
899720
832547
728412
864085
812396
837913
444164
764080
284775
141676
890909
656159
979363
620579
32269
376093
171029
943293
257280
542220
249818
330506
217319
25849
343065
524286
739150
511488
9902
616655
230030
700125
548768
401266
987694
100691
563563
913037
171756
173419
952097
286107
798946
974802
72585
50988
570145
165642
20993
321670
972729
227818
447121
634204
166613
813039
551155
734863
485350
851775
518877
989400
805384
35935
786984
428353
330084
147157
76240
154690
302014
591262
572322
931184
202935
716148
891703
221335
567620
488424
519358
654795
871150
832568
285780
55387
752422
484713
722827
256158
43585
330748
988159
899099
389692
950235
986228
144084
223
225416
566575
259766
420726
447726
517618
582975
845769
358555
636530
168500
865368
430760
703363
630462
163626
152972
976598
457869
219358
965707
183310
62750
660981
208795
485340
215424
547276
476345
354601
938771
165841
185347
332349
328155
434085
598438
219027
681602
409700
108481
38944
928755
44301
508841
234746
322925
277706
130621
547392
278682
410165
362848
273106
405850
804444
600629
556604
913684
815838
652484
905086
277453
776851
51655
908672
211500
611689
386731
118909
814377
292492
227432
841220
691502
189136
677876
143603
819113
510678
180941
783329
262769
291761
176206
186308
136287
574086
991348
21812
277838
585778
395023
489887
883251
113438
449591
539099
712684
348572
879877
387065
997733
989825
912783
647894
308864
512837
474384
450706
457831
193245
610293
354768
645
392706
548118
865987
100467
625676
159504
166557
267397
290445
772414
751696
962632
578177
110302
852795
404971
23318
647052
108686
9085
385160
378745
906948
207567
977555
761797
532107
321701
960541
356647
355431
720519
116658
451457
883206
694226
659616
857411
26422
83452
756823
812111
272671
93610
535326
737521
513697
935425
540288
944928
627254
721674
402579
385600
645253
733981
785424
149772
67613
808873
864169
304101
889967
858529
324499
403955
516859
911853
583501
182658
544144
536521
606390
627478
553
377343
200463
876501
314317
587084
651860
732255
911150
779460
154814
473744
910656
157495
180368
189055
606445
869904
770924
107802
884828
338217
669145
374683
933720
440646
658902
870161
673272
540743
166672
204062
687682
594434
619119
638886
919577
764240
345407
195868
927056
131536
268811
819906
656448
428675
436669
497193
547728
88721
91007
817271
134992
393134
186530
772559
194634
456754
485870
376573
738375
503315
179593
976112
764380
243576
375408
639409
35292
588298
46735
918830
247005
956263
410255
759910
13925
232746
213727
164296
775242
417146
938882
69231
559772
410746
155519
483472
213667
63322
682133
92798
750431
975444
867189
505951
221309
26852
509302
560980
78001
92238
136358
512954
480538
921854
811590
882011
61259
806763
504448
246228
378160
541719
297080
483292
904925
726935
307891
28093
401548
186845
68355
38665
932761
530411
832521
133313
63049
861587
611508
690348
606807
637013
192511
139362
458509
76665
47469
427220
929715
383346
362672
235257
541356
258303
538712
459194
137799
429199
100743
214871
959181
212653
872373
744701
939398
967591
108980
204186
473886
442771
929264
603976
86956
479365
981830
675886
731565
246122
714571
421385
677264
361494
697202
127317
817483
965783
113498
135502
232536
720098
586733
278633
739574
71726
770511
589633
694669
577255
673824
883069
136162
31197
853779
511580
856095
803484
243577
557887
647174
416203
210100
726135
622458
848302
828173
396446
294426
669280
918925
431809
187520
186274
351137
350047
254034
543639
788506
64258
782255
735571
958702
491468
18263
131768
441401
829625
412662
573525
121671
582079
839861
155455
815574
166636
230408
640510
743898
201504
870787
645310
918744
748040
695256
415957
136917
558963
473052
721399
646252
799067
562650
390914
306151
859440
934910
642235
163608
136762
764027
580668
52829
96355
747039
593633
266300
847215
602923
505800
209825
452783
578659
72459
781846
856066
671748
903717
154822
616023
133502
591057
191738
424835
991194
384540
683310
744738
753681
552947
187297
776493
301341
383360
513003
663798
453750
702722
837818
466766
742211
419241
508084
261753
973584
798265
490235
928901
842762
155257
584719
589407
64320
12886
441611
544931
747876
547769
41431
261502
248855
540259
798222
588348
332940
389275
148700
162146
523165
413687
622118
514733
25811
2989
217924
637875
894134
254206
658780
300447
166041
26594
566989
166163
958943
150962
52600
566723
591250
50927
706960
964226
952454
495329
779662
229840
939729
15773
909361
772437
90185
144359
414667
143975
926359
120884
836810
688085
409500
741996
655348
36758
920494
418256
343735
350353
160800
988811
682546
392911
138557
80685
233145
745082
416481
77257
519759
449359
757416
427566
317248
937156
438927
156753
366306
184413
550566
913321
516016
791188
772732
565541
147841
169884
646623
695581
777243
724857
613529
479743
807270
455309
349109
933221
330810
208351
193396
138602
279572
730411
934864
631853
726581
557845
879768
304436
821200
102809
870733
544933
232652
718563
851206
659407
663294
244490
32636
486961
504217
729339
342256
900017
4908
845519
913242
490424
635480
199381
420251
131553
738429
509536
622860
878177
538000
159053
782094
961696
968860
73583
734799
31352
397653
463297
28708
152028
994788
791844
821385
592416
679327
679155
725293
106941
463890
124681
97757
332972
660638
732700
518814
392972
930432
371923
89144
333358
634271
285212
255319
231557
538366
472719
323144
352987
877112
217328
416908
697237
241570
708172
121523
731401
67709
575526
403248
582240
383856
898901
682023
388876
519563
311175
471099
488623
859402
557083
198872
784530
157647
359582
647351
230029
335479
360624
971364
459843
580756
960887
698967
470081
572494
580402
340493
567502
433363
150197
571854
324990
485398
196188
778179
737405
548836
710378
491078
927486
151096
745191
814459
955041
684017
53488
791394
880822
81963
781958
317488
832629
233303
932162
64693
725870
346604
673659
737755
93007
483358
670785
360133
349219
295213
899977
921582
300164
493561
943684
87875
248936
464609
953655
449058
300925
278985
975857
161978
720742
107023
640537
729489
514143
591767
655705
570608
624008
347017
963500
880827
926282
945572
784721
769987
240845
152002
675403
333441
846749
996475
254647
599390
491133
745528
382330
646339
894175
19589
950500
953983
390857
84733
833954
447439
784603
617779
733594
329672
216653
829542
49200
968849
371101
200640
942525
808359
823436
763813
216105
735777
87961
240952
328437
189602
573724
413854
590624
795614
710972
746155
289893
135371
658389
129344
174023
53968
833092
394576
45631
247752
825406
214179
497430
897768
491900
247745
790741
27838
888048
155809
82918
348509
390243
479284
922831
525534
337403
531208
11757
558125
99399
531983
974378
181806
394737
164714
198796
825886
987364
764546
536462
743105
372258
965696
958027
725404
533086
959828
927262
228562
866565
298340
400137
649683
914896
662014
440524
642725
117986
529626
369563
601848
936662
60494
302245
956073
652434
26338
462518
154744
15854
905758
464777
507181
309424
229743
662077
400725
115106
308374
336080
354728
205142
931316
822269
369854
186553
904941
506879
319239
360222
209266
483743
692377
494894
482774
913576
338347
319855
759857
10724
949147
726351
931352
917114
827712
229225
192240
675265
737750
190324
81522
229060
739929
555490
21433
209439
954598
429220
406605
550917
197245
342081
412256
36550
397533
874552
155746
748955
551415
866548
85952
622894
338976
562132
777096
810000
807136
625818
574938
661854
729187
806212
723307
325046
188923
863826
771343
347298
32248
109753
578341
860642
626250
573681
244252
810914
212833
289969
48132
884150
589911
222777
224919
225885
508349
657962
555378
620296
176934
627771
478401
726932
44318
886970
176020
190845
127467
483666
676813
630910
834238
956722
342782
209855
536914
448589
335550
233895
420002
540091
491411
555039
85692
428831
235335
719416
731807
473763
531714
256759
543213
427758
383040
719178
909121
596689
960031
335702
613215
207219
538345
573893
496226
286012
751497
306081
36686
479916
866292
925646
214089
981313
283355
976073
934885
283817
374514
818134
227128
17483
46346
535863
998651
897884
567063
32342
430557
823947
813966
242671
186843
397614
600695
498611
510775
357197
58678
782812
358696
870917
966425
809439
49403
728569
805400
213486
523743
920108
88777
144724
288060
137752
511347
759590
144166
359786
970624
237146
849560
218398
441524
112268
740659
776556
471566
638460
723939
348166
418509
438924
395507
887699
488140
865080
654700
355596
583167
273751
979218
668436
67327
368670
262266
250758
516923
767428
263971
365466
861773
999834
636232
90594
726364
224911
907121
186143
724423
350376
474267
72740
440257
754611
262540
178691
609165
75077
938962
905617
410015
8877
653010
837128
441421
828885
316669
604216
586037
419743
277020
629995
228011
790341
284991
991365
354884
463860
244338
710240
2860
359011
380024
222842
267647
302536
126896
375023
641729
95230
507583
401880
199539
20177
129633
334471
397985
606834
477232
539577
178729
519180
983513
751667
285961
22872
689867
201724
479451
597113
681598
2580
27491
932548
140930
122875
848600
528400
386184
441732
416760
158828
312136
142598
694907
825118
929241
757687
128866
652133
656311
671452
671243
347752
213029
548143
335661
328396
24893
991010
90739
784402
422018
998566
710104
755314
73898
29902
309011
420193
451228
218580
191651
674134
495317
463791
286017
228681
69023
312575
518729
492897
49986
555257
459311
208875
628391
290475
334759
750290
727128
844888
212907
437740
390052
290866
992319
909281
935390
895875
368270
963073
424965
231220
280866
386719
962734
443682
522362
546591
183072
179222
929789
900049
411899
396943
241383
989247
966015
121449
700588
78398
27582
635528
378072
6495
409025
709279
890916
437485
709992
651664
12651
270492
677449
678653
960498
696500
515303
297645
910874
511648
944997
658499
920195
356514
898747
431056
884256
988041
344336
634607
282270
9342
536409
355551
740661
923418
808753
5563
956773
631192
387052
195891
729371
321307
625420
146049
448534
89565
988810
669729
774134
310093
718228
155906
557137
437911
227858
647886
719929
496436
984882
122136
621217
240557
579799
245193
460149
54420
922036
61063
762761
31032
414034
302571
907032
407133
195536
646763
822234
464118
522015
749382
532813
705439
783081
868636
405573
789967
716421
385086
695051
221884
291693
480196
377453
107188
436659
127102
589387
28179
93187
685200
112206
742357
307030
266883
149586
594567
513188
831228
414843
665796
725381
755860
190150
706987
398876
728861
403399
57461
632929
751432
922724
382559
553991
185142
83256
679550
637042
408036
969332
127231
842378
418799
233846
318701
635784
694056
418872
426681
12685
17872
427149
963020
788316
224042
250930
972201
662733
257805
414862
343806
581266
973643
209476
109065
51988
655082
273122
287801
32239
601478
143329
749730
609058
551108
529645
664060
157433
752948
124303
925960
584878
184704
102745
982835
640091
562342
851955
509819
206899
597722
601922
216573
800642
938757
428334
913264
451696
10315
866026
512319
901021
717538
697737
825044
218558
373568
184191
95739
548557
306729
11864
807220
221346
502740
801193
803651
53811
435812
973704
11840
732723
799418
215270
951387
90313
837725
408139
227893
123059
493815
96116
102540
276477
543680
807612
392497
5733
566518
892897
440056
178197
278560
90757
194043
830279
939190
838061
503957
321330
950433
344213
786683
762137
43454
383028
346506
843688
170441
959664
197009
284360
371517
237813
315859
760494
360927
156982
838008
578722
850929
155422
355451
588995
114439
827997
999447
972548
500176
912428
348247
112502
52877
392983
487155
925481
421451
869681
122240
862178
103213
844647
815705
771316
940480
553897
988057
930669
631677
621354
116360
395549
116393
729473
124845
456713
492940
150581
443698
315808
411756
297555
950072
334789
103632
955867
530019
549250
234387
354565
762918
707214
51817
166482
536
315302
804859
889550
106696
443530
285042
845626
50049
940037
619556
401639
809215
882920
813381
542109
670704
681137
425678
203915
900153
877655
49384
376424
847364
270127
650509
820782
217263
291538
740229
375384
851226
363534
115090
723948
840627
91158
778774
307342
962236
102709
679402
313323
745607
360377
402091
56475
962032
687609
878679
473481
124239
666730
497885
351265
578511
480822
728704
852420
173988
86912
182078
769520
505182
222443
652805
876614
856217
983894
565343
285334
185631
862992
396848
846701
209813
967460
973786
29219
717043
777242
137583
771819
776810
920324
825628
18703
644997
415935
787437
79259
353889
57434
951822
117503
873552
244846
968147
149545
195271
265440
740115
602078
571054
828126
92845
115741
95350
830646
700146
149257
574482
565065
395647
242603
651328
609321
289641
445211
18780
273578
802050
616166
360307
446343
436870
920757
228792
103592
73211
840363
482081
283080
361214
524801
75871
3990
795854
13324
554479
363925
958763
14811
65434
86054
783874
9269
950455
814733
660970
39959
956387
58071
460391
737928
418707
317978
137045
793156
323459
718422
395846
681360
227569
222774
103210
788218
404400
681499
240392
116356
576951
9837
85152
280121
188669
607836
721161
14306
106489
542803
655211
276649
137022
743317
680249
569113
287
57272
685305
946011
800829
829382
523313
998133
81200
609045
624777
576535
665518
29686
128203
292808
502845
38300
330648
543943
21980
426935
674831
814709
651138
496993
399374
372917
905067
716830
887924
959380
890693
986665
361619
721038
922175
132470
621549
832965
185217
259006
697972
241994
812834
759750
28198
372342
100316
14626
847813
176421
671024
148788
210346
689298
203346
808905
415337
535865
127940
379760
751574
943125
809526
176927
446539
634081
969196
416602
842723
487515
407689
861270
555283
666564
931593
391222
361303
804091
845492
746332
615993
300595
245667
830618
46066
532761
286532
208483
283767
667810
981323
308108
423944
36084
623749
494596
302603
444022
797169
994129
112562
493644
878115
776273
746648
769278
432238
45464
563377
238779
341431
279872
667808
541596
30758
463821
325518
325850
54990
362609
701353
476249
356399
171414
665026
878378
828867
857102
603175
691423
51352
820408
799403
738835
112666
705725
19160
852220
686795
179693
534129
919801
133888
607346
589594
15575
995349
530825
428003
806017
587489
725949
324407
73920
774548
704052
236910
700638
733936
776016
654528
4707
802733
842491
5219
560792
236360
511483
185527
764933
62446
190520
943457
170071
815221
943722
285582
577718
987705
223633
327982
363296
378610
608633
144309
967393
382353
667987
362631
134703
327226
723100
783743
310727
28368
592455
590314
562793
830282
908189
247733
707346
298129
1123
84106
826056
706311
112880
253963
825807
369148
428066
152049
677510
737161
383697
831475
48114
165049
924688
131500
823492
995711
21610
36938
507575
20285
985984
431691
319345
729921
417669
595253
908166
86716
556098
856616
804339
843938
352165
490640
907972
856468
751622
811861
340019
722727
517767
354644
953004
344046
199906
215505
340589
529262
249770
197920
748376
692402
906530
301495
574778
454153
128264
889078
704290
223980
160096
871857
591719
419711
989749
186418
214869
220372
70855
200836
601622
675067
499839
564203
56893
742468
756768
56269
663905
853661
343479
438864
9516
113326
799811
921496
943509
267654
983598
812878
556854
480121
898538
429026
810657
674829
99796
382876
226489
182334
937756
649962
53092
807688
544363
70859
32462
999425
394345
877726
104483
86422
772964
759762
919344
400387
239008
365720
981370
114284
888534
834844
300438
411004
231608
669330
501361
821006
91067
647885
3603
767312
284907
700562
265583
656197
297160
223182
589707
772187
669197
675470
629766
602730
268338
698310
330900
549747
858043
842913
689297
416023
61886
836673
818667
977385
463215
624542
219550
58209
703260
626543
105064
972880
731547
646530
606665
451355
62439
983071
558934
