119291
613025
571931
322477
762318
83049
122737
416730
778631
53211
339777
862369
60732
848362
824426
654484
50463
407829
536621
432499
925849
194733
844859
757153
661169
124241
901530
596862
579185
570981
515495
809761
928708
648838
766210
313092
803957
557654
163826
111797
417972
156128
227529
778826
803256
470497
508160
59811
482097
73449
510709
902886
525765
101304
357463
385609
152892
73563
665033
971420
38217
41792
635663
146063
31137
31341
945051
262181
432819
795601
245624
61549
578931
52855
666121
299875
696829
205768
900681
30418
420539
695578
852977
354374
511309
313004
762004
945318
653237
344365
366808
230853
908291
563913
792958
194300
353887
27682
887932
347606
638187
501878
866033
763827
433720
37777
35506
390237
181624
609892
559776
354808
917541
70093
287098
660822
123123
185656
481831
918557
541297
432949
863264
201522
794347
649099
738631
167282
874288
350180
69674
28248
556049
56121
529525
131959
394618
268752
921707
604999
780514
744256
388536
830592
680587
809570
153547
741439
978755
891523
713537
305759
897770
391568
163285
659520
602716
541921
614577
195944
744937
414785
278421
762131
993779
659798
339383
974717
499505
174184
165891
148601
863499
95198
828663
169550
940816
83226
209217
959640
426615
793942
231985
62695
621672
592523
479025
298411
370480
693851
466534
594240
872145
2306
277232
348495
891912
532683
386083
136837
937430
726553
300126
460952
600743
263987
95254
924423
798051
514255
159788
751583
576790
339888
364846
754641
350141
274014
965887
961064
814007
527989
358811
965513
592715
104694
841782
482087
138370
786611
760735
176828
119019
685637
73240
415738
650599
830967
59984
486264
80479
386925
8080
451367
451255
637934
593666
363168
796910
651302
932299
247919
124399
542605
129444
118757
192373
575396
609162
525306
38096
681622
106135
560225
559005
420775
567946
671556
478972
150845
577567
616423
843744
998466
100878
118221
747070
958749
844435
642113
176563
471199
102887
457117
90986
429223
706936
113306
252669
353211
829869
951867
121220
419127
986550
475386
734509
193726
925273
621124
65688
27294
164198
258903
553957
865707
534858
363989
656998
838602
801601
612805
590463
756624
544925
792665
715931
661400
666575
765848
108681
813458
559449
642261
177436
206325
787751
204988
7218
895713
965108
657711
135824
439999
460571
388020
83214
357957
105308
780590
927232
228571
346772
82122
145374
507159
301877
815921
6911
984706
205602
567043
737297
382635
810150
82239
702443
536603
847780
784944
599324
113103
608893
70342
470768
909744
190833
136281
171341
956800
371819
501091
291257
124796
103471
875202
448675
341443
311989
400209
455826
99703
363379
955015
501862
250731
398711
187944
527013
928850
463276
912176
917924
96783
489796
227011
368709
549752
286357
450855
754332
770907
648710
56258
70072
753507
184784
527213
324112
277675
296574
261291
372218
232427
237851
761507
414493
556607
796265
996922
181743
228700
167833
388544
51820
711424
963507
246786
107751
509356
217259
833054
499128
234823
630689
666381
790867
12789
364107
242846
351419
350708
872895
35143
74400
947614
736819
610721
573474
831990
748480
713395
766985
232469
876843
486763
121003
464882
312379
394747
781355
495036
619825
384539
430581
753160
668925
605005
439515
55147
571101
566490
881526
393720
468511
809597
977415
647621
870664
475346
222806
619853
289037
684030
778383
69893
200289
544777
251027
468975
900632
388688
221755
870371
242123
533941
617520
331753
170172
67748
584944
1137
521078
591865
683384
79799
316894
511875
124262
309246
615224
682228
285218
788152
990093
477703
789453
728583
745653
421772
826056
927096
614390
851653
815800
31700
631094
447713
235603
863899
454971
805956
615478
200047
863709
245812
469161
869527
427919
693284
582813
815424
358034
987531
663879
652798
365917
288265
407668
626643
893110
394143
54031
436877
569007
506184
172580
692877
699859
296196
970378
894852
383216
264181
282578
254255
972209
87498
56677
980738
17185
434693
619754
791601
997876
129777
220164
118231
314070
182271
898166
61312
843722
701843
508651
73895
43688
199488
812082
844979
644814
466787
101275
216497
516144
681485
579836
610799
678792
97676
288645
538955
914624
840143
411797
680958
868281
595703
721140
853651
800349
310040
788098
565446
620125
628905
716025
945590
994639
172808
575549
909106
683078
994981
377855
534481
272567
17788
882726
438982
91812
92654
422337
335714
640921
173921
18820
400860
312788
594110
758106
321540
986793
26293
766524
349585
934943
223549
599448
963097
494305
579682
822333
436604
92005
162124
664897
237016
494531
755986
421704
900365
872481
303322
431338
513800
30322
133430
210781
369591
364346
867239
817431
706554
330584
606184
209058
729765
774083
494738
124044
448924
296949
862494
507137
333875
870172
920161
28426
710318
666194
759808
57679
312191
26702
136909
579350
732240
71469
566399
28113
19940
800183
641967
957679
493542
759318
160601
856698
729942
584585
20849
277241
231512
325503
689111
224460
355281
861489
698238
342135
726555
374416
502174
996708
505912
148757
702253
444605
273397
993585
26766
948637
793688
414173
832543
19627
731763
856422
801720
667186
500870
827378
588239
953155
885395
902301
365515
151081
80113
254032
816612
628621
667491
626079
646294
279204
93707
921622
269466
265038
35190
666075
963683
198699
861674
610905
967156
28555
217959
118198
699433
81893
995871
206005
718765
285720
169392
157035
628959
535990
482994
865833
874231
388395
259465
864945
86715
815146
824876
457779
613678
180116
978711
58674
417027
163818
135582
126825
855835
470756
347076
820285
365347
943428
981821
439924
200377
101375
819565
445779
46604
409738
559409
823840
610523
259047
162094
448839
82517
113374
85005
208930
911045
388074
483138
300815
158256
515747
555635
178076
736941
674536
95900
34793
734179
603510
825644
863661
686490
607937
628310
700439
333131
891040
872557
726258
342864
906002
445736
353067
709799
489975
794272
941460
785522
638309
375217
153676
52372
738938
120315
871484
97542
50793
231230
113595
391030
526766
753393
814421
291414
735204
727868
451497
22207
759903
688164
612466
390630
818329
609437
744882
383784
640784
81263
486902
708183
480911
705553
673433
104967
638427
219043
376714
718788
236009
405983
910748
860746
434565
512689
980527
413
38636
970234
447579
611430
474959
488852
147849
386393
722852
158145
393191
801217
437359
903924
505446
971792
939904
185052
696362
643701
106815
652973
668496
103963
721616
436615
451134
652732
17489
784217
736238
984432
186194
382512
387180
321647
168955
482231
533943
991710
966811
996086
8194
628066
551945
232398
724300
614943
485309
334106
351609
885934
781405
809544
742329
614354
209063
367607
920813
72762
673188
654461
160124
799053
902654
364540
553869
200850
220671
493399
131767
363564
757420
149776
305770
761680
725339
713943
688906
75795
519194
131616
234431
852111
492043
533487
241532
213071
255703
597659
361977
400098
143783
341929
733824
72192
732840
305379
242069
196277
899057
931620
877675
166997
128480
801954
571288
202059
57335
100227
885254
416424
71459
143643
276529
511201
14781
574293
326469
692943
665534
654557
197402
515886
711561
819718
942397
898551
303002
872663
726703
756187
165123
795637
950218
364588
924309
171911
519442
115600
14165
751527
844714
584601
264037
848798
941284
742692
358139
271639
533298
252153
201911
425393
60816
100826
77436
162618
397290
773697
51794
767247
799947
264276
82445
611513
24352
454555
67759
382816
575442
31673
919147
839513
832877
387378
65898
273722
87265
8794
19275
801871
846058
270451
602943
5430
337941
437524
762418
542904
385179
732776
243343
835348
241527
58216
731118
551526
173572
793470
405281
355268
562810
756942
223513
569414
369826
220995
113756
321763
973801
936831
101062
909996
144745
458555
271191
591003
767837
260580
36485
321262
525521
557720
979070
112171
89550
14018
969487
303288
692346
961541
204347
546569
610526
934651
613836
178793
998047
799153
185464
433662
652448
583865
184755
897808
781485
782520
442075
18059
416711
576527
147321
299968
541404
645046
212464
928569
815165
567331
816811
839022
751087
43480
632670
314325
434470
817103
963903
50436
622531
967237
597001
744803
417373
993361
284499
509857
972730
786923
630923
890604
473877
108692
374836
235601
148382
236707
650349
416606
42594
478050
405834
10858
446025
509146
381028
913541
262897
38456
681448
916372
690476
160494
186004
818640
364254
526009
728905
115207
961747
698642
281599
457096
205514
668408
476799
752699
789783
214422
273067
165409
191106
832716
557434
747607
516457
675672
805485
683038
409850
877491
432759
190091
609179
543596
665802
429338
385744
931811
440777
593203
834236
918363
668055
443592
380209
726947
487298
568546
498431
405933
774645
161527
831652
226848
627085
835380
519993
918427
410757
20994
128370
695665
846235
22780
117710
690282
186154
464972
346875
571290
455419
599049
314532
588247
136228
180079
533865
62717
99246
706316
374568
7771
854600
437624
362592
855790
657250
614423
216814
206727
904646
616399
725901
513220
580072
606140
995420
484307
571396
535160
449701
493154
966156
807085
524234
258186
918193
235132
886761
17136
14168
487329
658036
478940
35734
678964
685740
592021
749540
267805
810106
297727
172047
527664
385817
758990
746092
417874
409064
3333
292283
566134
883937
132714
127633
477682
65999
481776
907849
546808
323446
82622
980982
133437
653388
93636
546078
895516
473949
379835
510387
372562
124000
384554
521502
667499
620327
288890
704962
810360
282040
847518
809789
356058
20758
178134
47550
708546
895668
128476
15882
170222
252261
253644
541923
456148
940984
612625
258788
558415
400204
38692
201349
6663
426869
767744
927785
36605
457698
59430
165145
674180
826357
89528
433242
889380
13162
916114
636227
616571
488412
897341
881474
226443
668446
48860
990781
166160
272326
753739
858866
251505
397186
625295
452294
58932
779827
232785
435626
824971
20663
214753
664791
285885
985923
839494
863984
21260
457727
528693
706785
854718
446958
538164
672979
203847
125923
606822
568248
440699
630557
387181
113097
421608
554267
316537
186661
85807
330856
249198
863987
210340
585905
115611
446861
997815
401286
577301
13650
742701
859799
238254
383641
397503
726400
994510
709498
193142
399237
114947
378293
820703
602751
994668
130615
660034
602577
230081
963089
521249
851943
966672
635509
133086
782065
197176
411086
232448
420323
212542
168559
516837
792390
275802
469787
371441
312357
302762
333056
565314
995599
864486
40676
128119
107106
518242
200833
486333
327234
595896
603746
33185
415503
671791
328089
204514
826237
389764
426974
596566
310487
699634
779061
109265
778684
17702
13389
976459
207872
380247
137648
486509
911983
328816
60786
753653
609967
250445
92646
865340
624377
388095
167053
314979
22116
430276
113650
371078
314660
582564
581320
369008
24595
136367
231367
203056
975937
245793
82021
922476
422080
867833
229567
413993
852930
87322
67444
39812
742472
311145
345661
978484
425450
415036
822610
940778
828081
596665
673634
946230
754304
891685
859352
295886
857962
62180
117135
438741
444900
432182
258735
931415
277365
52365
598231
874621
653782
713663
532706
686303
442783
37740
655527
522780
813113
26959
948094
899857
53862
420119
917818
201612
401991
740834
701353
106974
363447
380606
397033
806509
332331
682688
537473
940369
292255
404499
688904
378135
825865
87099
388928
173401
871203
846492
616022
884270
462882
782581
257679
69769
426625
869155
646699
878109
507674
291259
600825
725125
612319
779851
747058
262986
911753
31568
178288
430062
89250
204236
335092
358299
798296
671456
174241
492613
546761
254092
456280
497836
906629
221848
309037
999331
722343
797909
623652
160293
779026
585495
451462
471337
904037
880003
310129
637428
361864
642828
843264
75689
930726
713696
525766
745329
816773
204321
817388
122312
507586
38556
322093
318566
800002
572554
18555
79085
16053
971862
503119
349031
950269
976656
135305
764534
787291
844941
883680
31608
207480
84355
793958
354926
57994
796567
693373
282001
793371
104758
722843
972090
628496
215288
473511
434650
612218
354001
989830
322457
462358
912610
333748
288098
186802
979666
621008
966762
860115
606813
523947
304061
884690
8345
550705
512810
521132
871480
244172
70714
238517
267202
394612
839864
804182
829989
912828
459401
959890
861359
614648
526487
770296
445833
721676
786649
874300
336530
443967
883135
548560
812507
622102
491677
525302
16408
976607
187514
539690
267570
477100
611709
682993
256474
731878
502759
595657
431714
420962
6497
110483
52298
181372
569972
936938
580842
149674
151448
437145
73946
935905
308042
158047
932304
299863
731843
785452
68376
695667
157472
623937
43772
357178
385471
970456
271414
347092
574740
485941
191535
533634
362587
753592
928871
549216
692960
425969
860329
580945
920098
929987
585560
383530
894536
975989
410341
319920
834164
350283
147024
550956
567076
16185
104638
675020
887538
250384
130300
100926
386457
506730
725773
27420
943875
286654
713397
735384
186224
334692
962489
575787
747387
488000
739736
833190
196936
376116
101386
886311
6514
397075
982427
602756
474227
661996
101189
499701
384893
790001
323526
792507
807990
203336
290223
19266
211895
359932
234430
463701
395784
965983
349790
62160
410646
770632
998307
872884
570675
492989
450767
782094
305990
763077
246290
350851
282984
140794
302683
337433
264748
278026
657776
604509
57168
798868
619702
605773
347074
904500
753931
47259
695490
809332
695785
844407
654901
671601
260887
387797
237216
123806
373183
817892
379103
87014
933503
832491
477045
126492
143827
169251
537366
216373
141488
961611
707
411245
713436
971151
462105
715676
760797
317301
208096
276993
123483
15695
928019
580108
151842
413036
741846
389142
31204
713376
497424
611442
723850
509930
887100
741475
527143
297874
811913
534629
350385
321588
806890
111577
501822
527306
746306
897356
343893
931680
575100
937476
391664
799198
253389
664877
21208
691083
500842
400244
708530
675970
860181
10786
820021
475163
516565
411235
746785
410487
883171
719682
168361
478966
581782
934508
617243
679197
587399
242276
131314
719020
651731
108763
81050
282386
447245
992106
21782
659689
292533
782648
123935
666367
986451
784420
552454
901155
267707
740571
778482
443731
860087
691685
139121
811238
579044
775255
773900
635080
972918
656383
406188
178316
245041
663984
952616
19452
167041
7635
858707
404713
628974
905254
728383
465011
84331
241062
958382
768327
152452
579148
789063
943568
611624
249044
350165
380679
173365
968317
547163
605652
560022
204902
827949
591737
760706
996872
568220
99275
897254
307307
576517
773831
751813
426437
341214
121207
938272
657015
28956
21127
753988
766751
590307
435079
747368
461332
740749
42976
33405
765694
481823
69187
926895
537634
958352
441198
417877
919985
714820
903284
6148
441143
314249
473351
399069
458694
323832
120332
507310
48107
849102
651589
768307
679844
7165
251764
350023
860226
996222
248128
655909
448941
410345
83873
626717
635921
568655
38543
305886
48524
221236
719579
63827
56185
575636
84102
368377
564856
918638
425441
651827
641210
94872
499304
197357
853949
437569
78176
816366
72875
505914
859807
901636
475277
315529
179850
466258
757
38258
909219
684500
758526
738531
957264
67179
407194
40630
691162
289198
581170
429819
161219
992152
594263
174857
470741
211300
220508
916707
602653
811067
291531
798289
592398
322208
10096
455557
729663
875533
447768
244837
133078
568884
599193
875403
553225
590484
827194
335366
842313
706517
709422
650927
703544
867842
372457
192579
117799
935739
521742
416990
716364
655985
189598
294521
826471
361538
366377
446445
582639
655382
877884
60507
951645
457641
106087
787274
403571
687121
185783
922066
474452
773172
134481
393088
386359
967804
910269
731717
911872
830425
334853
9221
278445
591506
158535
343850
953858
528556
466385
536296
158385
186163
196697
923954
156314
539915
835996
600598
615445
598666
528940
886294
634615
646782
311336
391479
246425
907856
285716
77828
711840
499312
336903
609114
815736
63522
504648
182193
67324
389191
242420
510946
31157
600082
520620
34672
507308
408478
544487
206569
111249
827074
128234
677213
665897
85331
573789
120933
144371
862849
902016
26760
612794
835877
204853
324001
577073
660042
910895
657745
841858
10590
764089
896217
863106
901050
226441
894079
45596
72065
376019
431182
608579
304052
140044
157616
455846
630160
345576
189807
243215
740423
298673
107721
920357
39934
750393
573565
79853
660821
570129
221191
29630
897740
230181
118593
731058
810863
711803
218232
660680
711661
380201
567108
905921
366768
567589
762981
483594
605752
959711
519805
974915
332612
766695
740875
64231
546336
132738
310732
43746
562711
613636
841765
651323
461504
788359
79991
320036
457109
506817
652343
419888
901768
962701
967963
68094
28473
730872
634550
838853
532814
650195
788282
442418
188266
140839
185215
91840
34935
396133
100375
172179
927774
829905
735705
14231
859333
254331
565236
894095
9958
553367
505681
546265
36935
854395
726914
487759
316169
869775
337073
130474
235161
222602
169199
784591
818536
516889
793003
282848
949216
159863
900534
407588
885011
263258
304160
389632
273530
624864
515417
86204
7155
816865
141135
330234
950216
888942
235354
328668
29412
294226
77050
347557
979840
489679
463402
971302
430646
581306
141721
24275
252673
69938
870965
650070
600845
937527
731364
713935
342948
143144
532829
304716
708401
190612
537279
840633
398118
854901
687270
571507
82948
753719
668735
368112
62440
902061
733981
374377
784635
725572
514789
138631
537625
368458
144998
562202
698508
72821
230557
334667
507413
987460
622395
497331
958148
429053
543074
83233
803444
819574
126036
840521
467942
791760
87407
784750
65715
383492
123348
266209
728100
989537
742803
102827
802356
243043
693859
407296
23478
449795
607606
770479
945496
702154
939831
583430
83558
664549
700491
558272
910642
704021
699923
237037
645779
245595
746254
709229
144661
184272
893786
757939
999862
925971
589484
180915
963835
261310
720690
71690
848279
66817
784309
748346
704572
633863
28768
556094
734515
128107
63384
280760
919482
283540
505087
391638
44956
273717
890125
917864
311393
673291
532154
686004
332872
113562
158148
83424
246507
480112
211366
449327
52752
284329
464019
333002
115599
881258
667271
107364
82455
511161
1891
598078
430386
975702
700582
413173
563410
399591
637613
869183
528864
454257
28084
532316
127825
193847
936342
98353
332751
251075
519099
194643
642957
759387
745514
143859
579843
776555
28342
486206
519543
51872
785641
431188
748367
824471
31667
431994
7928
974627
380701
947679
491567
760530
221401
760165
740553
648920
55023
227350
936925
953189
405766
457345
517617
233040
912180
257135
600707
566065
10188
107163
383672
202838
524507
324631
461675
856977
685532
777727
566252
556766
188945
100049
313209
358239
337566
491885
532805
443034
796112
67771
394990
357979
899409
666474
372581
282237
133184
77219
778091
460880
827301
795797
513418
903043
904048
574688
194391
959923
503480
287038
431293
191201
904223
972852
590664
879931
392854
379251
514867
290495
772637
737526
176988
727720
208676
628397
714904
908687
157251
4599
363044
862143
415008
169023
366861
497196
697205
622038
961829
359347
160165
633236
204254
398240
271024
942663
192147
409246
339442
743594
187082
490420
457058
87019
999952
362403
611183
306151
503666
568442
108117
979377
645026
508381
570494
506628
907076
364234
738540
302093
13232
877753
537772
618607
389708
658437
147609
362314
590668
532416
884068
933158
245885
792511
857586
232034
831538
246522
526248
437379
394739
691855
935826
134648
251508
26067
651238
694704
670094
928487
975411
953610
490879
819504
255605
219249
43320
342580
968931
525125
628629
869036
940233
15513
947110
151255
82214
504509
839278
264981
613662
566512
659844
426889
226454
966873
118418
79617
832940
240429
662411
39631
241948
835015
121004
909167
896887
890665
118128
392045
716718
952411
622078
518158
205722
352293
449658
352089
56063
387444
363630
367102
41517
285493
662985
469703
29234
987224
712938
125015
759467
965605
302741
930165
444586
806595
406415
209182
924378
47280
384292
800617
16557
625876
379195
694735
624292
218170
427705
409021
123427
814213
756750
832275
727250
919090
347666
149646
419927
648132
666236
615073
237387
683696
513098
654482
100416
543530
668406
563780
702928
798286
87923
657375
224175
286346
293243
532171
420856
45992
16017
362586
977
196535
515590
425977
878106
662873
793525
660872
787508
116076
315125
425018
708027
618504
554549
766940
534503
280547
536439
432223
788443
337576
710559
596360
70457
589553
143710
556167
167368
968626
312992
147136
149217
476704
475517
629849
773205
577055
21077
744316
555521
450790
292876
349590
310054
979875
390652
359284
411878
968582
595523
622132
996587
66624
587598
333567
933076
667643
583838
190899
303000
