161513
539945
67323
133950
150084
463039
813735
240284
144564
419717
43320
18633
967903
500362
86521
789097
292608
832898
386281
19707
793624
395596
110746
989835
523830
58875
333951
804550
181900
961179
865967
517658
357360
110473
345123
265494
280321
526128
840924
667361
785481
925409
887966
296728
897780
947344
206983
126380
295331
769374
576413
868335
530714
120060
187343
882540
685003
659668
867840
919794
701202
274030
586658
589086
443576
627668
766394
974057
858015
374413
624324
689374
604423
382538
684561
7347
374479
552869
924474
246044
348886
416845
639940
914524
249539
87611
127352
379149
534934
764566
854334
208222
953757
376054
543230
770404
139331
963701
349368
673862
958388
180685
68578
633047
423253
583627
257911
820612
666494
722618
548100
843265
146776
980062
624542
11051
524435
760291
136015
721020
134384
790245
161224
269402
739403
944517
118143
482521
276200
855676
561480
790081
299791
348381
303423
926777
349582
677044
183317
182408
167977
865509
789056
231822
269773
397128
139870
234557
773934
823725
863146
688562
484781
786217
875588
952443
665077
641253
255210
241796
561208
830752
519169
522640
913536
793374
213787
980298
825421
733028
269114
390011
945362
108435
12723
363272
962294
42710
66462
784531
936150
947025
107583
175251
199349
636274
403149
295466
960755
969436
17780
178859
985186
660974
712198
229091
263773
907570
168560
729532
28297
574821
476546
94152
908334
508869
81445
86300
731429
538373
598250
297559
794379
652917
573541
411096
957859
139702
304230
785625
559795
702129
101268
940702
715763
972596
830087
372898
845344
991919
904317
665826
42527
806877
661061
676760
432545
701712
811877
692061
326149
793968
322696
374947
855209
299652
844880
375747
497901
978822
945632
681501
801767
251908
697175
248056
242093
50531
146419
932448
578487
675097
763352
784252
87698
140234
209452
819908
383312
32379
821398
716610
501887
995468
72987
200557
141745
557904
968528
921223
422243
223586
170497
505706
200353
663533
766581
749629
331071
478948
399481
565249
818437
723863
449196
254229
829082
491790
226934
214396
885367
746391
521069
16779
453352
778840
89184
305868
272370
851455
867781
147232
184604
105538
702663
978818
431443
298087
432934
113012
950052
370623
144907
789250
218338
235917
963298
664165
303747
385901
448931
591873
872512
577533
418479
365877
263690
397290
734870
542151
157026
913071
223745
887848
978829
78298
692390
16488
611960
711227
337704
973255
835841
787793
113830
696121
342187
503662
352582
825642
663097
683391
218165
776359
30767
120101
659786
292024
997689
84686
932476
188568
885497
278464
249265
651140
495187
517549
591973
170881
854575
404460
540528
852187
373754
704238
400764
777217
795663
720237
762614
175318
489534
272146
86077
667743
202907
717027
128442
602300
303043
774668
838958
265609
344601
79955
807713
561334
839313
526637
975256
594270
396633
870693
376033
633142
925792
87863
507037
243723
28598
621047
538682
164075
982106
460898
614227
893450
201068
9486
775959
396462
209826
999033
708042
101959
494040
164549
855121
892622
235607
815938
230050
540482
808372
800221
115152
77618
311637
328677
155123
593161
215023
577377
392507
372380
575136
208774
326442
94810
684766
269851
949908
120990
683119
10208
499420
672546
106390
438502
659099
899337
182044
646898
140593
404327
261072
915521
830266
215729
691322
581545
306707
167318
930725
569842
447548
248267
283936
949450
409296
603633
474327
849492
161448
543194
185706
242995
434973
979831
