151339
258681
350751
529043
211815
112913
392538
23269
580027
725144
926199
98099
60308
179410
480311
579990
431791
619572
858836
305904
683152
193328
767464
640452
739341
788083
643841
996394
686629
970877
110828
31431
291012
430239
904744
239347
220251
590405
335557
258460
715445
831149
984351
517467
834687
724571
690559
280194
409261
299110
173800
986008
386580
61311
489916
985552
875020
640582
668691
712076
532010
380003
991762
306089
542995
219425
788870
134173
464143
212736
937882
967695
480854
311133
278874
30502
3333
772417
218989
187772
418294
428893
912270
52406
749329
540905
368121
282465
830430
887921
186231
45196
453289
526533
118774
991530
232549
584346
552445
118650
745759
586295
47835
837545
248470
222483
825721
121508
306667
221208
591284
45236
344829
934754
991239
535959
235702
231980
484791
516184
386578
678925
712700
169198
922597
995565
351555
457922
51573
352887
728436
379092
44294
269851
551649
197823
730159
823593
572938
584785
308714
972897
18093
656974
982703
134925
875434
286493
620750
812441
551106
68499
745149
568793
953357
225279
224861
549536
837739
870638
665074
887215
109528
237430
761480
925326
49995
72244
747902
432175
568973
408669
449757
702889
991887
791764
220489
726395
82425
407980
563550
596019
725654
327556
962304
711208
967718
139073
109500
994009
69987
606498
745851
830130
174192
556015
561732
939193
701376
460939
301487
111421
730294
73706
862742
337739
335171
217958
98933
435162
215265
330402
882816
718331
993550
888980
272428
197180
696823
34225
697437
775627
133563
74161
860212
68813
941219
402966
80862
856272
474040
2786
690209
182651
430362
864341
293470
861132
544120
596083
807488
9678
262811
756927
823235
841033
241559
844142
44737
117520
230149
260132
863441
49921
740447
817300
391247
136540
815632
516724
334984
399295
822627
600266
633500
33889
936754
63458
532187
349914
107051
165567
657268
546575
640274
374772
835614
411131
992684
316134
430550
766968
998584
11305
220618
18829
685958
752109
989998
879145
330075
57602
389043
512106
680568
97137
135703
814478
294265
342175
608623
831803
512981
68943
571532
599542
317609
143190
423955
536467
872803
622437
884661
521408
245316
919611
78426
647235
232059
398542
402940
28573
765856
596627
964007
397380
948665
890662
984619
934117
760520
361376
194098
474023
466647
314332
661782
162659
491497
81626
853405
819161
560024
435952
89124
780424
851695
406246
537240
131544
855648
574133
488030
173838
355937
439376
487245
449595
552842
385017
433887
518778
166962
558972
269827
251363
535213
571032
793304
908652
442651
335564
999855
473306
203554
971913
532784
510665
910992
738140
334961
179880
423242
235138
21198
215212
145356
452276
57959
560579
607446
791088
306518
663189
959617
855424
664138
364175
815312
824800
592152
58650
221719
803802
407250
680172
542658
298021
765792
642331
804650
456333
152794
872415
356023
978009
491271
513340
325254
399175
203009
382357
411570
472808
852961
653241
410508
315144
10223
583440
558752
526052
116821
222938
270534
80304
297080
497766
652352
236684
614577
563722
852777
880469
113945
338507
967750
589411
398562
781921
261262
768427
109943
956605
970404
57965
99022
188262
459462
365568
136283
781751
831074
14635
238015
178978
527176
196425
899127
162496
154825
720831
153117
130899
687892
432403
681899
871944
396637
531373
775702
613166
833556
109379
978695
695272
81467
453245
202075
75271
308482
631845
738511
392034
520105
687393
128289
424480
622446
927337
595969
451748
541773
922646
495848
644501
441424
232466
110079
892046
688022
193923
329520
300265
635839
271151
596561
598182
343222
459913
694056
773641
311895
965576
305321
683393
492133
506200
564869
614180
98695
779248
750670
457526
77921
464264
707928
100734
916942
588906
264669
77268
514060
29814
114580
388267
320687
493755
756747
762634
893072
215694
112437
266776
426195
113232
978952
845347
790741
862948
899289
850748
959000
636805
42314
824224
529103
260116
706002
254435
311274
54387
685753
56829
232709
786180
124361
843069
639354
674570
320127
228854
843914
277622
743279
296716
820513
550807
441769
292618
12828
283607
484085
578992
746189
465533
399990
639315
699020
706429
820461
247803
26403
539504
12481
458482
989219
744921
916308
233403
830322
863464
240429
573465
652589
801842
249517
674407
983282
626623
643767
124722
587554
481536
408301
135167
342662
136738
382676
187545
632405
352180
332308
720654
260463
744932
275049
647408
516619
580874
773681
75581
883644
842092
318330
603143
322150
604918
187399
784703
661524
744267
478151
526713
559021
566350
87141
745852
562470
970755
87810
846886
251941
64046
649498
340492
908540
270218
727624
868568
282917
839266
384899
768528
317783
163260
749808
38678
608456
511304
372817
639543
408624
723580
223723
820617
968312
68525
9017
306134
150574
135686
147395
713083
738520
892600
797398
322133
144410
526129
788285
567124
809036
181851
622512
509629
888802
918318
316183
669581
846104
418948
697625
421062
155033
512233
826738
417278
546608
487551
2545
427746
489036
928632
939762
249386
653160
25414
279040
29734
698209
114924
394206
582452
708027
619125
831720
519852
738110
46239
542979
107438
675919
845707
716615
845665
593716
317634
80853
335826
463216
769151
64607
643194
479699
164187
166647
430488
798625
747114
158954
781335
907853
670795
508363
719578
453814
267663
398536
496188
986972
953726
492528
20762
42701
925011
539987
257021
436022
963896
710617
444289
473015
363682
357789
596369
167565
829609
453348
223242
407818
309447
682896
200199
949177
267734
200339
338030
724588
235188
583680
21678
634017
794855
373127
967026
979739
814155
411489
508969
782153
613662
224218
63953
323688
610914
535622
399859
41246
358421
179139
922461
411291
838760
240827
143180
771805
846192
505160
92113
257158
648335
524812
971891
338227
611771
911660
775425
524572
590768
191016
47517
991516
568028
287293
470110
497095
471830
990557
678488
313575
911021
232877
776943
303776
831601
699563
802549
945723
45650
764529
145078
597443
765024
353092
570763
35590
575188
763969
691498
735991
225022
380049
214546
383721
736061
279676
309601
536546
265428
225042
467684
339028
225926
798466
782800
340726
605480
104990
788433
945871
445722
314666
884110
98297
356434
85934
951363
839168
686916
762923
967441
835901
826271
971843
810622
727536
162322
405888
724330
979361
948662
74721
137245
358591
242335
614813
505987
63628
998523
718161
155931
58130
562047
830582
259555
321122
761099
71368
4858
591675
820834
368534
514939
315733
480373
960102
314196
748174
702403
760731
869148
728100
864252
531409
398619
619778
178798
40851
78204
824172
92978
531374
123132
36718
968548
717169
641617
404415
248743
193248
467280
203340
817994
519855
935110
736921
460984
158043
984617
644692
90052
246602
51096
131175
801629
326096
422977
29393
354216
596851
54119
834525
891470
190111
889096
273586
147653
447826
573365
849317
62099
347620
278353
914563
972908
100681
864056
219272
260736
75599
559265
937976
118794
171404
307395
659933
204173
577163
912058
954184
918819
540166
246930
587187
236139
51874
622997
212281
842703
405116
404339
960976
727872
770525
730903
434896
244004
669043
729738
975324
282754
422476
142046
783881
922812
973683
951807
28945
467972
902121
213253
585037
691976
652969
687579
364129
193302
541415
314930
797924
104938
804843
983135
182813
984003
787650
974130
957494
851125
609255
863000
799500
729663
989980
634438
889162
577915
495864
405143
14287
198886
470642
115667
579758
701155
775126
949166
961140
582518
120465
83764
37980
845048
736285
171808
502479
27132
20210
556548
919790
794040
325658
830525
845776
351349
552087
333160
29368
836727
375094
308158
122557
789116
728393
106505
451536
854423
8398
428167
294541
921953
74355
971914
193581
338800
97794
17727
500646
792928
547440
927219
753947
383845
127638
484082
121581
542224
113658
547395
215605
165363
713663
347385
2949
614217
872997
228264
535113
273021
465777
283203
318793
319921
485310
538057
626813
438910
978074
449788
941084
353841
623229
220275
985528
845622
714422
801332
498476
418805
849533
51034
19700
152682
591846
676780
97150
715823
954335
420728
367808
956390
631799
782992
84647
100134
447142
959992
502913
568075
306403
888604
346574
250193
836140
802128
690051
411011
221171
293324
67525
630625
113794
291029
679530
807350
7902
36664
592385
228791
314535
99632
442618
38974
510503
274868
399993
840429
565543
291553
456277
316480
555765
802217
302077
508433
375138
354767
386796
751591
519652
512876
511252
1263
760643
31880
586914
257671
66553
98652
860020
641449
405568
141149
758506
707459
727948
258505
679778
808189
346898
390727
502186
665267
786462
192567
816894
460715
226002
71702
182656
718182
911277
830021
303933
794374
68994
52447
656702
227280
205320
322692
122340
815653
369059
631725
608435
647831
373522
801609
596636
962932
803914
846206
868745
258629
534634
330944
170512
974914
708381
298709
453448
516737
825577
613009
444288
462809
184851
135596
570437
987326
427682
780859
756982
851023
222634
544374
735566
54363
271637
102686
347520
146234
161251
363411
140933
7337
309268
17794
356530
204815
341598
852240
512501
503230
269637
45606
679758
144504
977182
441710
415398
743079
888654
667943
115930
40867
882120
753228
292370
947214
529430
596477
754982
386856
455306
934200
972013
274929
784341
334226
855405
535009
367304
524453
656376
606053
877863
837728
531109
294671
651676
701215
562177
901578
652357
10633
924948
528779
822950
721222
43954
707140
898524
677904
506473
961118
799569
873883
899462
229317
800031
318897
986627
854842
453491
318152
291916
850278
924965
859311
145289
754908
699890
242828
385613
654787
997830
614158
463849
295068
434198
537300
283711
293884
146664
458390
382924
261067
412516
386740
159948
789723
123520
795362
501314
969611
605292
213704
463191
195334
968599
368314
892414
407664
909041
859039
454432
321572
954623
814685
680179
32276
313817
207377
362247
464096
604695
715455
972690
808833
746678
895574
907990
731262
643140
206406
998734
501393
601229
786161
839081
277663
313735
148011
671131
785851
79471
195458
790414
828965
883295
68015
562564
70444
665809
559742
857923
634575
392176
4850
441998
315344
26738
276204
31193
933576
227662
563902
367321
917038
438672
863640
810050
353233
640575
347397
923514
531755
982915
104391
367874
31637
628562
720355
269902
568203
119172
654556
501411
48180
94368
575820
573146
253358
622357
651027
848746
672415
754142
618052
123054
355912
907114
28357
570701
903589
314741
515853
489739
667540
216053
880957
830710
813432
305868
976410
923493
596687
785157
365961
296927
703032
418280
71236
675287
858897
921898
43306
90324
896681
512461
26830
554917
798412
207540
886119
725828
991220
378305
334689
38552
733314
792757
652158
367324
460439
343251
774744
165987
263950
658295
565534
688613
598174
123435
35833
330783
169960
732720
201053
33269
724397
581951
788292
21612
782631
948639
590362
217274
115916
125821
825927
393948
791610
973868
233004
366307
168923
195938
675759
924699
428594
610781
223934
326334
51067
249824
697534
58688
139561
79168
536081
728448
95266
532638
995450
331062
787267
690549
684132
694993
197149
913536
49369
254375
107665
41351
914103
561370
193644
757959
342055
413937
953872
471174
815367
995201
790503
2600
243171
824244
728756
531590
948215
95143
515453
760648
681751
995869
311536
844675
728368
734593
914595
391495
940476
783251
640863
668814
3180
407916
24927
310593
978522
558297
828549
750879
136757
454024
622928
807824
277574
103632
974020
816551
652200
361326
640519
713934
798391
288776
279116
822693
827983
775275
644622
244091
379312
363298
81261
665883
346062
678170
252290
269085
177548
391976
766654
418844
806278
172854
350380
658580
163872
842182
98398
73761
164727
877631
290932
650363
106076
207952
417761
875535
356138
185318
494675
913535
170280
950591
117830
216931
820384
987750
942061
287385
199224
467510
609374
89913
976417
221914
863749
274831
304915
358690
545807
824433
797668
918187
667499
258137
866996
338989
428648
51506
211196
513543
434601
133202
201889
162818
304873
221391
542623
94691
672507
908381
233053
66253
765710
490175
328995
259569
521541
578927
232916
375558
253870
509458
191780
828401
897211
82606
962020
384404
247530
204995
349813
30107
41073
719843
92723
733723
700681
703010
452417
861201
941011
337903
192240
96808
479166
448123
790243
139773
905106
767457
717608
827712
602000
929624
946241
60805
771224
62382
112144
831868
769325
635948
350330
3669
991894
494584
572572
712982
217091
380306
538391
474392
674014
244552
260517
547257
665914
809486
125251
626158
553440
320385
797698
472362
758045
4098
501284
247565
619358
124133
203522
930619
400925
135200
133668
688992
707339
160531
19884
233829
579133
682110
833446
239529
821264
488737
767444
962828
9580
764351
262680
36279
836978
412893
672402
947991
48911
136418
186749
901637
744968
7766
905040
554234
582396
848275
882091
945237
663335
891449
937345
633124
937844
510811
727830
21827
511563
411412
201140
198530
306646
493276
789449
745899
198610
525154
501419
59788
696910
503074
691299
445813
429919
191155
726755
267013
829280
464376
768804
281974
960750
987499
136250
456108
884916
924424
400825
935679
932442
612630
901459
553339
769359
605427
257944
663219
415557
467592
470595
338911
298756
110244
30378
994527
808522
160714
143235
516875
99853
339429
170305
445698
859846
642021
260392
289156
302471
854660
579850
506004
4020
812272
442688
960851
36274
808004
574906
163867
842581
964166
247955
749534
409119
848180
503870
880991
176065
467762
969547
503412
933342
795691
946855
410780
961930
569960
863826
711217
316019
989136
775247
645357
648250
798799
707840
540053
854194
320596
877036
370578
605040
953341
957437
529750
551766
678816
769687
450132
141065
513306
807410
349109
551075
149233
443976
43002
700536
300404
427606
895196
375865
337225
970291
378431
29909
295183
497495
632166
735913
353792
321345
201849
523591
621338
74435
775927
590333
599168
7859
79162
806264
964412
513525
27748
647683
325107
157587
378590
802522
210758
967499
252235
398093
444960
105564
187463
528250
401771
141853
901127
258687
244030
234210
893935
211027
276920
4908
986418
797552
737045
730418
987242
316497
924917
194571
259651
672586
457302
382954
723637
922491
75234
120041
46051
16222
332054
900899
217495
988373
377560
383350
564181
471467
423574
128235
958070
512115
345766
451523
418984
832774
799935
6674
599330
364788
850695
333514
308715
901655
874652
682535
913532
801754
515583
126541
713456
404527
92370
606866
28212
343661
331012
314716
695288
381927
187397
176698
780667
182971
118127
374629
827130
544590
507059
237050
569190
982386
114932
551684
461186
827923
38311
497205
398186
393712
924345
485923
657508
20173
115608
378684
907390
631520
993048
891558
590621
18315
688515
548488
618320
969308
914325
213713
602268
843927
374102
454370
201062
308453
842478
605047
773024
925698
425746
86820
400147
301622
121891
549646
477923
17721
537840
611901
400706
473481
947846
27586
630637
329324
840576
103281
250992
154401
18319
566187
115708
420654
101496
963250
614779
818708
426243
233647
508056
870908
512661
711291
645941
31415
23425
190925
251143
159824
775253
337863
451872
445372
803937
864266
189589
373511
323861
593006
729811
239750
580417
851744
868366
250702
684275
482294
219150
447841
65185
474184
695224
584079
785795
388085
572822
991932
270785
341476
508977
688986
598005
450451
583415
473959
637532
257756
753053
227259
340246
223512
536038
505333
716879
331561
761295
996322
161199
75396
918102
60032
977811
515904
719937
897140
665609
753242
579192
981612
446326
904016
617821
249189
94941
400690
784803
58120
826422
506706
133957
884272
740389
159075
999995
374300
212893
22891
67779
377353
281168
924651
985372
725218
578910
732297
968738
115501
319384
699679
739447
215836
68953
942934
928907
959174
208202
474676
361929
65212
79971
711357
391982
947346
890231
253893
686929
67915
156380
303676
120815
433096
544615
925738
62958
376038
189515
355830
510383
945865
58422
630856
117907
957280
560373
988445
829684
242691
220135
774524
865694
85386
264934
449439
699199
656472
440081
948799
269056
999885
236529
761445
996970
303720
788097
14695
509262
817786
400412
421803
576787
125488
645306
233889
98071
618253
977087
974471
339143
933895
621599
254376
102653
766722
684005
509632
56864
516492
612922
718843
510260
600118
154439
644234
424514
881146
390307
142605
759884
459617
170172
492977
516279
511384
710643
419338
57903
674402
298691
316623
183362
360688
576005
133671
89963
266074
533159
247403
733341
453189
416619
637613
191790
258811
867438
431344
295664
209388
902090
453166
783153
934349
956919
427865
517424
814863
306593
734138
560230
888718
553393
639541
583756
230431
473330
679157
12653
798689
16336
163447
689642
479749
734728
909403
528905
675155
255737
792608
328181
252842
972922
902015
276948
955409
702870
363800
495506
113526
461593
453903
540427
226433
168677
532712
864159
602978
535296
394172
601356
79105
888385
896642
805132
117393
86479
482643
131559
626472
348526
167109
526721
496266
819650
956805
107537
845196
303953
460435
481581
562385
512964
304801
603269
961176
826941
164572
973951
593390
553508
509959
35968
238458
352484
694639
273644
21606
612820
306516
321152
565079
229577
224491
26528
727685
640759
512280
352241
612671
535109
124215
646784
178178
378599
346409
141201
219854
299442
655457
113904
354582
622068
538854
977825
797493
463559
437816
801631
259717
31363
88808
454104
286264
589210
957815
626817
988481
719559
204120
40515
683610
466689
300764
263664
559328
470870
27993
993645
626474
5101
751224
873266
384471
67275
646984
206928
461534
199108
36417
101283
73382
707234
518497
742777
501916
695265
707303
14770
529076
924500
183342
281112
294143
546950
280658
748845
504167
833271
990840
405522
670401
638791
909197
691585
734409
697846
669677
372617
918435
611993
231314
45675
366566
321163
430056
53200
731794
149669
205005
924850
962129
462348
137166
84743
616000
500328
989094
726759
376261
262053
113293
880622
12234
552832
780172
149445
889089
835836
623365
454378
489557
434010
728767
110641
956681
34921
430124
503154
64708
580989
620913
868402
202862
198400
551981
797638
620789
475831
284143
410621
780992
848053
834705
146942
8743
374241
873160
895117
301108
905974
927467
99648
230171
526407
940069
512669
811693
249910
777042
639273
141848
632582
604354
749071
351689
924540
860993
316976
828912
763038
645576
677481
333845
785220
23397
956126
908709
231715
772676
733713
41984
622400
606350
942724
339033
25530
12865
73309
329396
730133
623633
442522
788412
603304
413894
826718
343253
607470
697433
315359
694719
676364
747678
599018
578191
860941
697335
378683
267490
368290
389981
748101
530211
637603
440518
570731
971540
875003
205100
304301
737736
99390
383564
92871
309716
711463
239087
549444
670772
95930
453413
924673
243462
40814
707978
805400
179573
628895
131095
676699
625173
424409
291010
519618
729616
790502
985980
418360
150241
386883
829368
365780
367488
377416
473004
139221
390095
975119
164087
305896
580359
254648
198408
381341
110884
775062
431829
514687
75324
717139
82431
241302
858511
135324
84642
701588
822699
409034
866598
868546
554487
856778
687358
462791
362036
794956
239934
890560
956925
367568
438096
188207
851430
249510
731432
661375
469393
520581
505768
949493
475006
994240
877805
766255
316742
552071
836828
951980
925321
494692
66161
952005
652980
541125
525037
148591
239223
250147
268436
365983
52020
940267
772279
314289
118428
470179
917999
909509
439737
779698
659852
450920
186716
729561
210812
612896
573856
232760
549380
909897
87850
361299
203551
974602
621094
442877
861766
594970
448436
742470
398626
969406
129943
752754
433046
365522
58992
445911
928218
267409
319178
363970
825750
621258
903485
25834
760371
573391
344224
891614
283379
563317
376705
232005
166070
154956
272576
658124
384362
848532
28819
513893
868926
38352
628698
621799
285824
794103
976427
772268
980079
551696
223669
269444
771956
674528
288579
358130
329948
141587
895492
302447
29999
623411
65097
164402
160364
654185
424555
219221
274176
18182
172121
682310
430734
985643
298387
599267
981617
478568
856599
216852
794778
211380
506718
963998
212261
897314
454356
664250
32360
220890
629295
281192
382077
253319
178262
82339
20567
914099
304052
80758
588669
310026
18071
407471
828886
56517
449629
173706
523428
577790
826621
270666
130476
451401
435533
984075
260830
8067
959799
738010
448511
248603
355413
281109
290694
346158
180865
957685
906692
135785
400251
349209
571648
17696
109806
87265
491826
183398
97019
391157
790669
225306
3756
573645
998488
392907
367166
646453
176645
23890
306101
704812
767896
445952
158870
558567
663754
762580
862367
390963
237763
358262
95474
602652
961293
398671
651120
806837
612341
386567
53980
539327
851736
587033
963793
36142
710702
417265
620439
899611
382106
836394
447004
445741
921187
476474
672028
177030
122613
281979
748734
16159
506515
576263
26793
375127
770708
794799
424818
64102
352283
110287
858219
332608
647176
274146
266840
294586
530536
80059
149921
95040
144539
254887
577162
460666
26890
822635
232603
666929
319867
799227
986632
161476
169945
508684
478643
654170
414978
726945
321740
71144
992707
505806
806241
502791
768954
474952
74755
893440
870593
152210
326106
965724
786357
46786
194420
882593
858043
455371
8476
336731
272709
433733
752824
149007
654577
2580
828651
758200
557135
525975
714841
9922
461308
989018
75392
61712
673054
61804
340802
69501
937176
730518
123559
707137
950729
347562
189072
840741
939435
823369
488416
500307
882246
503163
275293
613858
364356
876606
267428
969827
227366
359713
491210
186653
70457
579209
750281
821374
783776
514305
89716
776595
341040
954607
894690
557218
370658
847083
108444
899093
731690
943185
485435
671981
868975
154243
147900
983060
89010
208803
238656
362598
878334
646804
213226
873048
382402
125737
564271
908141
238740
211005
336772
181387
309469
405969
97403
446633
709711
219296
865632
253112
584054
563084
218182
986482
392539
523644
200078
402476
825798
847769
103224
567362
288048
615980
373204
378518
443344
681872
101198
44483
164824
209821
106750
35136
63371
937544
835230
991717
809836
202021
223349
515199
26740
3417
533251
581573
896465
180100
21881
504178
472348
517222
230162
658545
839155
30090
363575
389198
732698
614332
29525
205756
233409
763447
679762
900845
10987
412423
141097
674293
629982
477649
657529
362634
68176
197058
848883
113023
131106
336382
867076
83035
277104
444752
236534
232143
698535
970135
318406
442180
874933
450983
261337
781311
170476
811838
137529
416787
429585
289420
734860
458925
136211
609944
903937
351091
44860
567498
383336
454932
20037
993864
208668
272591
560062
185164
531688
793520
269706
437023
690764
927039
133523
965474
12028
545796
489344
143321
855663
516363
653203
883082
77482
240790
415435
62134
568349
102211
946592
517095
651563
632701
924323
650410
46678
321415
240070
141102
669190
539641
391821
221
414540
709461
684647
537451
48038
736114
499084
328777
64080
606980
499352
531738
564058
926049
186430
419676
468527
527662
153420
116713
119328
689550
502820
464521
999495
6679
638675
230674
953436
145524
819140
781412
849114
300490
318552
875480
554764
632998
605078
213497
5495
174466
417805
267615
521308
434361
437043
275022
55408
82199
572930
869328
584366
179706
462186
789099
633574
745518
165646
922587
295090
114961
227410
483552
511759
546829
916722
859325
355488
770224
940938
121046
139120
366587
942976
935195
755811
884458
376800
87157
126846
161660
86537
235658
52360
435714
901027
852896
271888
241719
662397
30630
476435
282725
751375
588073
963855
168155
335230
272073
824337
46155
926190
621186
725128
300868
807271
749938
638062
22366
35072
593096
431887
515457
897913
391020
741895
233521
213730
710834
988643
805088
275528
574498
788534
838861
533115
808128
483455
13714
966771
49569
752617
628442
551659
466660
309013
819867
425864
857514
829428
107240
929106
539471
392550
460573
558437
518531
2873
370105
365541
197431
796271
281310
656925
604189
454617
203705
281424
848269
165512
534995
31270
964103
981260
867246
774618
139810
116189
308917
286593
169670
552905
668677
599629
100852
220737
43527
733903
656378
481328
644727
398996
388290
384343
980998
623983
193970
442966
160399
856643
285474
180834
313769
960524
94042
838178
165668
382510
310591
820590
970964
171792
398763
247388
830218
224807
264487
427819
554523
333944
934506
155027
514413
887055
948264
619234
472787
346727
416855
428538
299652
680870
624527
885129
229237
738106
710618
871140
516970
596118
584988
634753
672658
937778
718903
696574
817895
360642
49842
641380
156106
660183
668274
897621
59585
860333
125905
29352
783148
184817
894377
299365
49856
710679
862123
140696
140476
883344
143975
530415
88343
734167
148018
92953
895611
55442
421593
506051
630768
462718
734577
41097
421598
281793
505092
259049
674786
354151
96142
622524
315077
13413
803683
181465
452076
41003
566156
764506
726699
670894
776383
474445
113362
546875
923039
67963
347441
243514
43565
573921
95782
541166
755443
207026
356876
853373
801790
461914
60193
610314
932457
820946
694376
776837
840862
680182
655999
817367
760969
813038
345867
220657
704930
181882
35326
939507
200077
976029
229473
965086
914529
419519
821455
306435
780794
807404
834411
26126
971479
589397
623466
452916
771975
771156
623566
584342
734956
884355
305570
418318
919364
123785
469605
759558
352465
363482
356299
565143
705213
966710
387754
22843
988212
344135
132000
183829
262434
66371
2496
656658
517470
610852
324258
398101
178832
182108
255785
735927
701032
377840
506799
768223
756204
118973
734612
619107
314580
159503
168896
750390
914345
90498
936077
409994
327464
546179
193512
173396
274244
237380
881318
554455
67621
606787
310016
747499
260850
779582
568666
503930
36645
564687
972173
801861
601948
577550
787538
993691
166864
708566
99553
79717
249561
839643
994642
508806
369875
29187
296764
898011
254093
878593
262467
997339
268735
388278
421436
276630
819441
775468
489373
766988
982562
474196
762231
890022
183641
674146
240272
505331
631503
660458
965014
736672
156459
506309
139077
215187
18872
389183
30819
79936
335678
46557
791816
449746
260350
174709
910436
698668
90141
207790
700034
451504
875455
956957
716484
723581
814034
665525
46581
545177
940927
794977
521368
134652
817115
767318
345741
168076
928659
824336
870181
911007
751391
346099
695172
498526
221521
78818
767973
496125
261161
156340
353177
325657
530070
965394
831474
261845
227029
677287
234932
538066
424978
872990
180036
822852
370459
755686
442244
396472
559078
593034
675442
886272
933816
550508
106002
407336
533699
203804
39509
504708
111184
291185
110193
63046
89751
654644
777087
539013
804749
515494
871468
425209
432585
634629
517438
611706
973311
762971
417037
797234
976471
589333
374516
862158
686896
548440
237208
333721
391941
131633
694063
429720
879324
186713
660936
753210
303921
471699
575713
273777
853152
685955
828189
871209
75026
347451
522661
612800
548293
257574
636035
438725
816414
560159
755414
28432
863521
614359
738060
365169
928581
20806
112313
956727
153371
540504
716907
490712
138129
940496
364112
211494
683225
14843
339716
209751
174927
714257
562999
411853
6358
583356
114398
381320
994422
169925
419175
376828
386259
762414
51489
69662
640019
637591
919906
972724
688083
534082
918690
113711
176523
585986
259552
81850
340597
553256
708807
328637
373144
442450
533975
239062
308105
164031
863241
881407
853396
836629
809981
438232
894353
309446
508653
436033
117394
536970
414448
753933
126215
284549
464743
55484
41896
861001
312718
641804
251497
235624
64067
896314
301920
753160
698259
778768
454844
391061
911931
566388
486047
666878
834675
996539
52850
967354
212538
194919
205751
133007
732248
728861
659302
813575
210499
82460
739524
450111
811242
226253
590210
173192
177268
661770
304585
284430
185004
338343
205963
931300
406441
870283
414784
222414
476402
688099
272682
887402
142618
724644
666016
970875
5905
126934
36829
870008
53280
143415
803045
388182
817147
953485
957273
408090
944940
946285
187145
575735
88274
414368
961564
150521
86859
49482
611747
148241
658600
192018
929671
943966
666850
75894
62062
760940
944111
668009
506294
290544
239703
819407
240676
349330
441142
911783
563898
217938
52143
989049
999368
754787
970532
111987
263445
814012
113849
377915
233555
194770
527210
568410
202420
191136
276874
806665
53256
854169
573733
596286
193165
892927
805606
479655
176681
473805
969592
671846
746034
552422
96463
256241
755477
944167
686115
670246
598775
950852
132498
282431
237808
687197
632214
461082
290089
971441
377870
317779
78870
507809
784051
233159
338272
820289
576543
763511
462707
288050
479148
199043
481057
853804
144029
781127
936753
380858
462403
452714
581891
644295
114767
989178
272116
600407
707210
651983
683112
608091
591059
867793
797416
653127
66020
329263
704254
743547
603515
574917
121933
917046
997058
622933
532209
485340
245746
946041
283838
832470
794058
584732
185054
76324
312418
39032
37487
386350
995419
509769
268254
676617
260538
280394
883801
383107
123761
367545
891174
649373
536048
45209
782866
144048
361612
998760
646512
810637
296974
135892
819242
138599
339131
968077
226966
250261
183590
414500
542053
250886
890433
390786
897091
853644
206691
4926
449292
614182
503735
970119
611957
657509
931669
247226
468069
454487
32898
376696
934508
905847
299492
931620
739567
635464
343979
136603
652787
84977
519097
918381
3325
938145
715656
721915
570523
426238
213134
398001
82076
87759
383018
321343
344978
427844
755113
763195
101533
759460
475860
318828
811021
34314
302600
373640
711115
201078
42741
132769
237850
213481
717225
2148
445285
869976
177373
880652
875327
350329
576487
65290
576422
851616
988838
817016
809179
7854
144820
676390
574431
952665
256741
931344
867158
153537
153513
92990
87798
518006
932681
470394
951954
213174
602582
288106
330765
837948
174093
430404
926436
508531
744483
932511
925210
762519
21398
972352
336861
652458
875204
833390
370241
242078
464181
309902
581008
704058
273251
281623
770504
986784
167755
719341
664651
594817
849115
553655
221180
76302
878787
654469
424290
102525
210021
984858
293294
334729
759964
246128
868774
33454
651702
993605
515523
198300
862754
906556
817134
615092
350496
965032
731102
948777
479317
99574
593807
119042
158929
621358
769715
473106
676057
97624
656708
371973
802654
458280
10535
56187
230278
81312
616884
451904
987344
195555
350364
134947
264424
513802
723682
724623
503127
29681
397868
251622
771264
553341
730632
279308
833811
385768
580255
190966
692487
959360
127345
214794
268844
830317
320783
208619
598473
842667
652619
693487
355659
596558
680332
805772
387502
267838
311593
400159
584787
294167
446979
333140
256127
613667
418885
224090
392758
998664
541792
548312
268472
195608
479156
964525
61360
334572
583480
85150
361241
361468
689203
854827
775818
801191
353181
263657
202563
673716
535552
821208
149504
666716
514386
699649
91745
518676
852530
125617
606502
607026
752082
71951
110358
870175
301706
219449
213662
297543
774712
354578
897390
954760
131205
612796
550386
102437
620710
45395
524578
370495
61851
649930
853190
865509
492581
263945
598500
39534
940376
898776
655959
863885
630245
752063
363072
775677
1890
369874
470790
850805
314982
454494
126641
580094
507639
553777
345977
753929
884477
37143
48323
39190
694764
620984
818333
652062
715157
465342
265015
886459
806691
132964
967699
463625
690377
111551
306327
105377
788193
109632
485754
704885
891505
659097
811746
386734
239192
788272
512989
114643
909012
55784
776626
306877
200655
732729
738567
893940
819479
929304
798834
349581
629764
184954
766610
169464
865024
195754
840608
519122
219213
808588
772666
478383
168294
333697
823033
995928
201718
186248
372729
125421
278582
114756
565912
756739
24604
299187
739241
438103
929167
876176
668897
833525
131212
945083
213990
115858
76789
989565
68795
776589
681282
152582
448079
597408
400055
252761
983626
487530
333221
393867
963727
468024
381830
909294
654898
311996
725937
890546
474466
119836
973316
571440
636955
571987
898976
300340
53502
485360
641250
322
107540
359613
285204
168554
149842
506700
511365
100477
337581
414196
138905
194251
230958
857069
805174
139088
263466
595814
318480
103025
67933
510970
766743
149116
961699
217414
478065
50215
119971
205900
405232
243742
889628
851469
125502
952412
314904
159811
652598
363243
934219
122580
260852
759526
986890
350409
571573
927433
320771
869847
3222
670604
369253
123424
653551
378511
966903
14180
670531
605898
716502
390552
995952
848330
56285
957111
132850
332791
221358
931673
289952
891017
999214
153614
369044
991597
196786
930729
206483
743012
483667
722945
352231
853198
301105
366721
606035
402108
807418
431788
377500
533891
396165
327090
474636
809654
487334
763216
50797
589956
202574
778690
694039
967553
263274
523876
361818
92312
22161
964625
901822
851718
386055
477396
790870
160555
460309
471783
829880
809408
702864
818517
138178
893539
943859
48827
729962
731583
990496
377986
856639
723131
354388
717055
504060
52464
341295
658983
759982
230183
272066
194820
673700
921305
281579
363992
343348
763822
616220
969621
124006
190676
303652
498359
353146
228621
74138
810459
678091
868529
88892
474973
440654
219748
641350
848803
873931
610857
32450
747881
507298
501149
633343
506815
383220
555484
790693
635071
623144
491482
996315
865818
700590
197018
356498
144976
195240
806311
448759
785785
433808
946376
740165
870591
547724
414238
189064
447157
971128
79729
436758
586218
91679
606955
804280
214510
286545
294164
853485
289127
36012
918923
764238
591083
442256
341714
223300
227756
881176
629927
824342
916960
940370
605189
48217
656418
427288
823254
400751
900437
6081
725509
675195
550397
111595
927947
249751
496460
360068
759680
599907
621937
166416
644400
373614
264215
505850
737839
85465
25255
417726
486339
365954
471821
823944
546144
229143
502812
626554
134910
30515
669143
213338
670493
53527
654583
207652
707190
64552
94118
356353
389814
931221
384798
975510
959778
178553
347200
377987
207742
286748
603200
59574
19721
872452
812022
785597
792349
66067
664032
566481
767266
9322
724474
743494
684787
816052
770535
901381
311792
362638
122358
830042
836098
440326
529256
714298
10181
501981
380022
912952
380597
841781
561327
377317
949939
569610
434141
981165
276446
496002
18297
398347
331592
167817
184474
813460
913754
828709
735580
555864
120799
268911
87143
907585
262022
784813
651748
86970
780856
837737
38124
574017
863437
301349
884842
155852
391218
955407
10534
384827
754539
200273
373181
877540
825342
983565
385785
370697
833900
347066
260807
395356
380176
351713
803152
161242
762681
958282
408823
994345
681610
962238
920613
517070
524112
188923
763895
580075
15947
900315
18493
577736
275109
254571
707629
393850
869649
820322
514721
993336
169953
109757
966384
701187
274569
419532
895867
739188
965300
679169
333998
726727
166801
880410
167771
94194
871133
717957
639851
632608
39550
991794
106884
464538
340105
689497
151982
145543
469870
414560
178538
184489
438187
576169
354253
366605
186217
657801
227774
160474
944726
905996
501705
535088
83364
188375
325012
887180
53536
148208
359444
645422
818287
869125
278873
747668
986045
750440
727050
143952
932804
530740
174912
51876
655022
86003
218175
118326
412584
329873
783658
511546
585818
216334
384732
353249
784223
732574
108877
420140
916494
541268
978340
280
931986
795060
117297
600004
2866
208095
907715
399441
733138
145361
422010
35715
958210
746279
887082
19370
198233
382098
889000
916360
399512
110864
153002
213164
2290
734111
276781
899206
76608
930078
192905
393446
74717
527628
734690
584348
201999
506011
414504
984486
870434
491980
555008
601952
184243
10088
924431
419976
194834
403403
35015
380441
761765
81658
907174
844066
268566
131893
864652
715820
145890
521219
832730
843409
213139
846419
155488
726340
799185
960030
976186
337599
137988
640562
209138
489995
515517
1304
285057
127293
761988
970455
626306
977821
410077
187697
261363
179441
47261
292412
854153
232988
340615
595822
211500
654169
560575
427252
620816
555610
410478
794327
182357
761403
945096
29810
70810
165568
353316
107935
642590
155148
78688
676538
415135
462615
888714
837116
336212
146943
744374
969498
179066
552024
981994
803554
260707
672382
747644
940776
818597
401206
543462
130527
8295
137648
93396
398495
375952
702916
559778
713597
612290
345324
649928
404862
280822
671005
260313
900369
409068
189622
493355
796308
643527
488603
114740
431963
776489
963888
213360
265974
502311
142715
819861
207447
102434
432213
749618
283772
653577
954772
463750
961567
143061
571705
189601
143077
847246
280679
944962
338903
150149
263563
814883
846744
635457
75663
267733
817932
666820
663310
90692
832371
443889
442436
570056
931265
106249
598
383704
346018
479932
17006
228835
232479
693041
2180
641194
755634
7265
16097
797457
236568
373809
984314
922798
990045
368975
220900
564488
989921
251296
721936
341846
910981
47864
88332
849684
925710
588736
847032
542906
534821
478710
615617
521842
536580
281855
17003
707872
424671
936564
828477
455034
504711
163565
333190
326448
78290
846885
694890
261384
135088
748643
591986
524449
607957
651670
613741
438892
529682
400624
244443
372415
571185
638620
926508
821783
763579
722160
734919
950292
147942
4564
221937
579373
496817
683584
858377
840476
643537
391855
329412
579238
472011
242034
844446
179107
448228
217837
127506
717437
408265
344619
482204
921629
155850
252597
72344
260164
457027
337671
511390
70525
424091
244890
220255
491941
619712
910093
930984
278311
502216
289897
284954
712868
337018
110181
38824
669541
628089
939557
781782
739254
813000
944228
12523
801694
540659
774134
317538
91364
811571
638964
241817
639317
211719
409971
596698
602827
598519
482870
534653
691869
608809
480612
730186
631076
604948
206075
167866
964715
931845
153037
975060
276484
931214
880715
694580
787994
755678
532208
112731
953628
671303
112356
870192
98755
462801
629896
276577
489003
124821
82288
944533
526307
516066
952489
575485
981208
471558
469677
447995
236793
321604
357145
208375
839435
190674
406089
789248
652109
859183
408378
495296
709888
165962
437117
959001
875329
324360
855513
254187
732577
258420
785106
591527
659827
959890
931723
440286
357543
573650
763697
105596
606490
648488
164600
309315
100124
849670
265456
512176
390230
948938
681404
395789
310561
590870
937786
338199
324806
736409
238968
961452
339018
715292
659744
876984
121892
75049
77779
254610
349849
324739
610024
79855
100050
681819
962748
755645
507385
862166
155076
228285
134079
485631
537781
154791
39334
22883
374497
651164
503686
723898
344936
771310
512215
858052
155119
577121
344007
114911
129558
988309
591343
624227
745696
848859
295890
637638
820278
473321
711334
813997
118920
772707
501449
499417
238170
592433
103404
835796
382738
1348
631604
727953
943638
436125
382515
276915
987882
600980
230497
534651
501896
72773
467124
356026
80384
377008
571817
783326
641721
779204
64561
249519
95893
611011
938648
671615
849824
9624
403665
189799
146198
678611
483269
178431
110200
937097
56791
520340
411330
750608
569291
22642
472858
920104
480118
301134
187935
892917
580784
587811
382805
690726
487393
310672
611402
443039
814748
1043
509802
797432
900196
949335
888840
908755
939649
262993
846957
455220
824127
927732
288607
26668
567321
564419
246276
811360
178478
142802
909104
246650
292976
707106
414521
619255
16610
301063
73116
348605
643170
599532
551944
942809
608615
884000
610339
753003
737402
268928
529341
762706
969201
493487
843417
22047
287051
405819
817390
301928
721586
649870
327412
170645
735699
907798
846842
772151
308009
531572
579140
972033
652898
332162
340294
300813
68501
331913
956320
378622
622147
468715
96416
522578
327368
975599
347603
791125
322567
998356
247513
539389
903631
285479
819749
997467
451140
271460
306524
517608
767984
686843
316275
718159
378369
440190
54759
165930
729021
563603
75603
283690
369658
400439
104676
521889
803162
823125
323432
691500
451270
296950
805969
772529
14904
708516
246468
177817
309848
459166
458879
664869
976251
653377
311887
34870
934561
565397
965699
722062
909965
747011
71514
547784
696310
492005
566644
517165
117826
741815
519566
7161
139903
675289
333487
9895
595394
648829
612865
900540
948176
290956
941710
487315
695111
166120
794235
695341
457450
782272
681965
758983
811619
886271
828416
493421
38029
463809
250160
669156
196095
958779
915169
198051
469957
996350
108524
851665
450961
239463
187325
825115
407698
997629
399008
937791
967223
686331
79880
608827
714361
955981
849773
551107
159581
668138
926279
758815
192909
251105
777096
831484
720529
145369
737631
920416
875580
547743
500419
357215
773390
199684
772822
419253
726309
734582
159391
150823
45337
810265
7390
805728
810828
90577
81097
440730
306674
359987
667569
166919
644990
789006
699854
872733
547396
252341
690120
83642
186762
715510
607222
465993
471861
438258
835612
635903
77710
97590
163884
747460
132981
421807
91499
241615
786523
670214
972005
577541
27403
226263
476433
445566
232516
94431
357908
118878
548144
498047
438393
866015
296
114508
893039
183565
320738
76458
364034
939592
60381
548700
648571
483212
333658
857232
506865
465695
739851
280563
520173
39845
706555
943444
202924
856651
488365
193112
576917
795483
112401
325033
760689
611855
883563
275529
849193
857220
702246
881663
471891
652070
257880
87984
761088
26606
518080
976254
787792
680315
827250
249251
145872
317144
274624
613043
541177
616861
713217
14003
290686
991428
293454
403202
621649
299590
863723
370458
794727
594962
173123
651882
276161
702101
797784
14571
592496
984521
547131
896506
256617
574254
400079
120684
726696
229253
547174
881411
420871
237425
571051
997506
289343
22769
679164
978086
951881
187885
876181
523113
51578
195342
857941
322037
88588
745837
855347
650771
711700
475598
119822
446788
296207
42926
451091
511477
599307
427405
401279
688773
334673
656355
221165
219085
810830
36074
834075
723577
66121
272812
485229
434281
233855
146609
729754
229818
556580
257752
394984
220347
476232
600670
981970
819423
187338
388681
921135
761863
538260
869534
309077
732718
939669
699119
611458
439028
239091
974189
752717
524809
995171
659736
474453
851420
883138
180678
524792
873944
760040
975061
587556
277985
439179
536219
848356
314111
771078
88828
872692
796273
241808
291756
429241
958277
570625
766019
133535
53039
12427
609795
837682
630053
232715
130006
790995
213
574795
317682
930068
132083
574100
963366
389931
885589
759561
221773
849367
211465
159863
966361
618790
709058
972132
527703
596355
483343
130577
930823
853766
47686
624147
39897
711391
647244
136828
572754
448680
529299
43295
856459
935003
416020
480291
147327
448024
685081
814469
731288
19283
991890
38699
734805
366151
702300
788007
556404
528101
346045
744673
547986
303014
386544
881831
216206
911800
88583
876904
637135
185975
274129
67964
10828
396263
976627
8439
341388
707842
179680
174062
786406
827614
761290
502315
201739
698013
347509
185277
428662
848530
448970
549937
725976
160976
786537
637957
275979
952824
236468
146526
933025
697919
603102
845156
273721
265123
334542
194190
509828
372891
883721
704392
390110
561215
880602
584340
449414
502970
943993
480759
850625
830834
222591
518382
598797
908364
971603
266585
651639
399164
23759
475522
294061
194654
605530
865074
318475
159851
443975
295010
666970
557977
621703
731964
559976
221482
675268
7065
914158
327437
175675
94373
38326
494852
995408
357144
403404
741962
584822
600584
580755
771657
178362
18890
899707
905072
21325
954081
664633
49258
505445
752901
628917
326846
525831
854881
917937
329168
874661
915920
830883
654889
88867
289405
91141
852773
231660
382982
671659
473797
244480
312551
742935
185223
796517
424874
182854
787913
424092
402536
956599
205649
188888
536993
885811
420067
884584
942
539525
408370
578225
563184
341082
552744
693379
68987
919490
450541
388299
50861
15650
510585
689333
467537
266236
33
444753
530928
630095
527237
498401
169773
17199
657602
628914
195301
136657
124901
769753
245622
372088
383313
11779
7414
174229
131982
796352
405492
542402
545754
529404
236756
288268
247709
616400
661821
605147
923801
975595
974032
130563
57434
26051
149073
30895
639218
524668
541600
627104
424778
877794
426928
112244
450695
797675
103655
244043
228223
209318
823008
450437
680549
513057
172148
655180
455745
190353
910863
842299
129510
891537
466969
308862
213214
183223
335856
763060
243374
326801
822190
518815
866050
72879
997626
127237
709963
921115
975677
943178
706397
543233
88776
281981
526443
288404
238175
204892
482505
628549
234547
415913
232622
487185
646720
785186
291378
239893
777054
631841
841457
15709
776397
447249
397265
950148
259298
444052
538211
44296
642306
502688
370962
967260
91990
784061
705794
593080
843114
811180
50852
353354
529700
984315
196378
212745
222260
165122
617303
131318
485283
733424
162132
391159
420904
654732
333329
739193
158840
728224
763275
734636
341404
763092
76432
922520
382058
447883
769635
352676
234612
132865
781977
295954
403388
985202
902707
7275
828063
530449
289321
37293
847051
799236
586529
377514
525028
461801
336147
676995
885799
67492
834205
756268
910731
166695
720426
800843
67742
232822
458441
725447
508127
565364
179640
262806
180437
609647
490835
665656
254726
906158
723328
36320
4152
508064
923269
573154
925952
896060
496413
690769
962225
601776
902029
558489
673139
326145
385858
913712
789972
163542
355327
260113
199655
312166
208304
47419
940445
820797
376235
962822
30543
993057
116777
61582
665356
569258
583804
52045
818035
485183
931085
654389
422792
132385
162263
916266
331600
149582
907458
109604
433579
354217
401552
58701
915894
836623
637856
194378
80329
92396
971205
930030
829323
739529
355529
994288
136552
948454
850915
791563
941955
880931
252165
536652
641086
523666
861724
848010
729352
634420
875664
811835
191312
491561
858364
824694
972761
449613
266808
543928
827422
847434
654947
920404
534949
366670
921423
157113
894399
371614
186875
130001
363803
961018
204624
294181
518961
177266
954554
833220
259654
886186
99040
792940
4712
5914
895288
45142
364427
197564
611715
52938
859836
532472
312648
208314
234370
628225
508258
473914
831671
355438
125412
431960
648685
702116
978603
297135
46413
814491
49599
250712
648452
943085
165948
37823
93299
622597
781239
710138
869590
618849
727879
667971
676162
359172
754344
159406
851425
655282
37062
394861
397949
862713
775888
218898
207714
419623
462071
103866
47191
234317
397982
59278
175691
501400
373273
216302
587437
513890
405318
417432
354749
326098
110192
137303
670344
369058
326878
79025
849155
401856
611984
543619
498449
759920
205871
157135
958560
367032
534621
381803
497046
872440
32746
258936
786320
469220
425981
986973
800338
512699
892365
317701
844421
324679
802220
717766
894268
443916
826434
25560
461221
184307
305322
655703
952938
866856
994504
628918
405390
864763
492231
184436
964028
634139
395044
962472
986826
527988
824176
154984
239157
977787
495852
39066
698844
89561
563661
308681
976179
613862
746894
549718
97893
712486
136215
1216
575163
380012
813524
888330
451604
705124
756620
644652
974527
917091
131909
179298
978929
483775
637988
825603
433861
128859
865640
709412
187852
836071
469996
511937
741936
631878
589233
800924
274138
669252
232241
617876
407403
463887
723617
659523
483662
167572
434850
117711
340719
535962
341689
261634
814744
361230
393751
931256
912358
308635
529923
299810
921736
73061
576527
136555
505663
701335
404411
915526
86959
129649
629112
998105
471015
171839
782928
380901
355624
559170
575431
890631
195133
371922
549362
820258
116325
811370
366203
801815
237823
309471
826129
946788
257679
982531
524685
663832
730381
322003
277662
815359
571522
770501
45609
122373
561213
93241
150905
423641
725190
441455
305756
797170
30843
863668
430497
161555
888719
838492
187279
839359
243898
504350
663722
208128
983355
28375
914963
964450
668039
595523
756990
414090
205389
720280
955816
248891
155816
906937
762745
982182
289117
525945
513954
549160
669256
642101
741651
556441
14437
53743
728935
566887
217629
262395
135108
739386
145979
432618
926785
469786
24639
659433
484603
564375
859700
738922
544546
273924
719787
115943
297508
87893
870179
14839
10765
622762
526955
120177
158299
90561
37850
658001
308457
527461
281547
469474
877587
971517
128812
159742
879387
885071
4521
825735
188998
111881
307169
489109
986754
292267
823889
5038
520573
363449
211751
341573
668860
