375461
96115
191390
541462
55940
809054
127176
480314
415380
495421
849555
638015
664123
985404
836534
417415
119980
286625
806529
554873
400553
162466
370225
263839
527713
395470
866530
667435
595563
795507
22796
100788
102555
309415
942571
629081
156874
682993
97727
655382
865166
469929
982295
741983
571889
90507
629365
601544
542594
122511
52494
263158
850711
245510
991141
94524
235610
777859
741386
987579
655090
554301
731786
149923
242175
220593
59508
296482
989757
248022
850313
712627
34475
846101
905490
924113
680507
58314
842487
547971
211478
880629
990729
357543
8770
326057
76733
824322
329980
552852
37467
771146
114294
302090
254410
849910
201774
337562
450915
900357
978881
721333
946866
965521
321163
153708
65986
669386
472023
59036
16831
582846
346247
175785
410372
333926
999458
697903
707074
549048
369843
237502
264013
168403
766628
620065
420606
401459
853243
832146
807579
879092
960033
202904
31163
220795
17844
866126
886057
424839
510902
999800
235820
216948
917454
155286
516663
398498
27373
323675
281698
866345
27471
746290
177882
261180
598989
634855
874880
218033
876551
501452
779475
196327
299338
383441
292555
449092
835637
928896
698514
437941
480730
887847
691903
171137
171099
134545
37038
963575
346664
621996
576675
104084
841667
656720
718402
465434
494048
730461
509252
452
487881
458907
548600
881722
760086
773385
499579
249238
203919
547852
444071
322010
673532
565133
925827
259176
442553
595320
258510
496016
40671
443255
322056
182999
840600
740533
38501
231952
385054
321506
193148
892706
637959
206447
541329
695837
182928
271614
939367
984716
563302
209297
86501
680302
734163
190799
603625
210991
10342
784415
610864
517006
519492
870357
927323
686799
361281
819488
977886
26697
989766
109119
765078
860682
686941
501753
788818
704923
846675
505423
216498
442344
473484
646990
469179
330299
110625
535842
899281
464899
271208
117686
710040
562700
422651
503471
77507
78342
965222
494218
387878
196981
425682
825148
396236
892848
797903
302701
609335
214218
712945
876364
969298
590128
851507
126674
321182
390658
509946
915068
375225
457553
260804
67140
905209
835056
550820
117945
805403
618548
999272
825257
184102
945610
305917
94623
973599
733081
595998
390257
707050
43432
654907
836372
880440
855888
926340
974287
666149
221982
990072
417711
401619
757301
823467
462584
957159
360572
397420
747583
268418
555873
284724
954087
754132
627939
835115
989557
367330
915378
844973
808583
472871
355020
457098
389027
100726
372079
810335
7311
798918
444758
59165
490124
362385
880701
763207
624657
549660
159490
330423
854410
991220
937658
960616
718747
507958
998760
871020
751912
587594
137481
684403
991664
845957
784431
603378
291642
737684
854056
906280
310592
512688
33622
485649
275709
142413
394320
389139
682380
66198
115336
636439
969089
956964
393874
624442
865014
42094
396864
235562
154689
33521
69851
528206
866973
102041
655185
435066
793163
929054
669814
766229
950762
670242
552684
832198
538305
774924
603049
668398
266244
673418
446988
845840
590232
570501
495064
535775
955418
988548
303230
805923
265482
543399
888986
929663
876972
882117
534552
949622
112705
726273
26015
328268
817627
147193
330641
77907
90715
729459
511078
98698
662128
349751
800372
923763
711126
860146
817354
47175
822273
980379
72450
215744
148662
380666
3670
887415
539829
109406
912214
707927
154965
759422
569055
11716
97299
474190
964910
75825
73426
660244
699027
888365
624210
579371
450048
629222
522276
250574
114433
904813
270940
122213
438631
842900
414394
210676
695891
175043
388711
688379
333941
526189
597312
975198
714950
237281
650837
807777
426834
27684
724794
775129
649823
109095
919355
625512
868844
509144
589274
451601
810475
108424
746606
46773
693236
218965
63571
598165
851343
621508
537983
77430
74725
847387
20682
332846
901222
271717
276169
176758
981334
321057
720871
646479
609729
292647
185948
505126
52575
64857
729599
420127
278797
201042
122414
50604
553488
679690
387167
971631
512307
982486
993075
411127
216441
678957
93939
788009
858980
575588
188545
458127
832054
487210
507297
485721
719492
938736
993959
757860
87831
387670
15972
351727
965988
608085
414800
545957
60058
319784
550251
246695
390453
546689
172662
970186
982581
338259
65028
547490
741257
711441
384637
195403
84552
257437
769601
725945
994037
642361
801035
40908
895521
63282
819258
794946
462204
19048
385075
956885
996594
976138
194581
580659
509613
951499
977523
966071
208694
833904
471463
934394
734862
19945
262162
196275
121678
605220
795468
697340
877688
225027
440697
888645
371019
958996
264554
836915
485067
11418
131752
689394
606337
684867
619623
949072
375937
92634
703677
169507
206896
562269
602196
976701
704365
429367
656261
974195
245710
300242
722474
162917
257430
493088
865664
232838
827370
511800
661010
302099
955333
268140
242610
8604
533437
678185
741560
489847
238442
530390
175573
214137
1362
997774
449488
781762
592763
614286
805189
438226
137800
379875
17734
730517
394150
949493
311281
392320
73656
783029
219502
286652
95650
240455
438914
538218
757946
59241
849131
618552
160188
892625
65808
962401
95435
461755
60658
743174
82158
687965
710423
339911
275848
104211
77204
603045
30635
918310
689214
232574
633094
256070
962126
14735
856647
442935
787491
600536
427418
204409
862723
448628
636316
669253
87899
645092
912622
40369
935237
151750
572439
342975
369177
328222
335731
102035
420657
654463
574260
319844
352950
821919
952164
633828
182354
226182
680192
564214
952313
161046
318267
634922
197981
395708
330575
320865
968097
680891
475501
763523
57323
220811
885120
783641
990973
257840
899138
719173
664374
912211
612475
681990
115375
972024
802884
615705
600829
768754
141561
264671
131913
793042
944953
42792
309696
207615
707408
872949
667401
851319
440041
23080
684171
715481
558996
148818
660478
539591
512933
880589
585455
967736
293834
17247
550694
784838
414133
880230
212731
831981
984025
964835
222086
970005
887
341859
423582
185205
430822
136471
845278
740149
848901
315225
54019
134236
874415
328827
880421
342523
992724
213477
519000
70837
299599
874100
991964
97434
886611
364080
760492
532729
181603
873964
839804
260032
735867
610397
525787
452196
67484
426683
884419
484574
712803
263563
251022
533311
66625
365567
252167
983571
875183
253942
545219
242518
459972
623513
527339
394774
155768
877316
967246
981873
562945
494605
299023
427413
211792
882360
841293
562894
778063
539741
499778
768890
747921
835481
663807
947416
420472
236128
59075
312488
293183
738727
937008
4878
960150
986825
165578
392926
812897
312345
452662
519431
908736
592874
933584
222121
816722
322601
495175
175038
24021
127589
178207
446721
706447
209660
726548
871267
841748
83277
238358
832271
381085
643099
233991
573666
46253
880131
874321
183912
753832
898140
221215
922942
256971
781527
931709
985621
9097
180440
704384
513858
727705
555275
316652
892962
175721
269695
50486
300406
637086
385
492640
428967
825020
973627
329285
143468
520815
193477
851602
265088
29131
527401
78629
161004
544767
60887
779490
431426
500646
236055
660516
633006
260031
838140
939468
477739
380677
45436
541065
421859
530320
63892
69978
155842
340961
575404
312563
625242
14259
311166
537698
956944
811789
123181
776939
855696
543894
109133
669512
858401
344073
506287
191934
229167
46356
378556
42155
401419
199231
779777
594124
687231
405069
822153
294761
388102
73815
556200
309842
818872
685928
877712
861489
751646
674232
82405
260973
530792
977832
530406
848948
421800
524930
594062
936790
584461
784929
483866
40304
4567
590176
148348
176072
453877
824539
757401
115203
788518
628473
910129
711154
114443
64553
650005
814485
537128
206213
715103
607636
256072
633436
10567
434761
116537
722348
999098
642373
91194
501263
647404
162687
342687
826226
426987
517343
382018
690118
836626
110290
612125
855657
410392
717348
700086
907097
200564
897771
450254
820311
30801
523849
580154
206935
806928
778384
354921
184501
224971
263597
566629
358639
17626
889722
318771
734961
251039
175885
299358
199867
473190
489233
454356
904203
992893
529958
422263
42342
810515
437378
243675
884779
577354
826001
549077
515425
608920
459731
778026
612758
91330
67261
793630
959280
649030
359101
870096
643712
436338
989875
188364
865081
950186
970095
811912
886835
217887
349485
574483
533293
901295
544576
238407
846113
812032
691553
279313
364035
286764
838627
492197
332115
686821
188804
233018
535668
182943
990975
314369
825133
338062
311434
478634
60079
84085
447462
790371
158630
97911
16804
132552
724912
680618
653147
116245
503172
90373
159879
915391
317248
745540
227495
387708
633586
983422
852634
685525
485799
374245
507292
988652
216825
332925
481721
88960
39216
59258
284238
583812
110377
2235
451494
288099
118222
471278
142586
749826
290392
872234
65709
829189
595177
53537
268225
348389
333287
368379
590111
58078
202067
836837
854350
775574
581928
845817
337653
921668
512468
903
642545
789545
173271
171109
979996
109783
716288
836273
286221
350205
387433
586861
374041
214864
678409
921562
131443
454096
938222
430798
386402
903013
436145
271972
971306
257299
182194
694476
661841
196237
794437
854903
101968
21958
574622
629199
606619
498939
45720
628772
120147
661077
792986
822708
410812
371849
217469
375873
909611
448857
146811
760325
750831
419783
526086
6336
256461
998586
734062
768399
570107
354034
146173
564861
96710
422878
503754
498204
910062
636444
300210
981380
245797
897178
457883
547911
833678
347460
950718
873568
568207
470588
824691
544777
138602
405568
954225
740059
110861
417317
149438
698980
545842
575170
984070
251118
434295
306134
835094
443653
831903
318736
449172
992131
594721
94980
521724
758717
816951
506735
45268
180391
728786
819679
870634
435302
702808
713202
665145
580689
379612
221872
637858
604680
949314
894948
943714
76711
950844
198487
41274
369661
412854
580218
221963
43070
292936
86935
239874
303912
737319
84642
497343
860465
763278
532170
87090
307674
779548
423826
3224
391412
525947
148743
848521
349998
213394
818000
971327
601555
871135
95675
45776
167664
17715
613136
207276
899852
335461
148882
210705
906877
216560
564520
384956
521013
32039
675937
949251
346473
936579
601043
616375
51007
50572
112431
484784
968660
654533
198236
964873
503200
459708
277787
475432
237751
873098
767273
801679
690068
358839
791331
122537
583160
281233
100854
983349
256320
240124
620739
396258
332227
647431
947187
674144
925997
598454
37525
454833
57560
370675
916930
676735
929306
548605
644471
995670
620867
723926
968014
688035
57531
95483
656734
995569
18817
606928
251279
198118
179482
176528
830183
89796
262498
919660
418689
460492
491225
886869
137353
259331
727819
653327
605193
528536
645970
670289
875545
881884
457521
475075
16387
46417
22463
331259
966344
638654
979853
407352
972167
989117
757236
744278
206249
310636
27082
660446
969580
375773
390443
428236
531282
97424
962973
789181
578411
245876
671582
745906
803387
808105
272089
96123
61662
182088
835327
521388
461276
750975
45839
865893
613467
128922
844469
325051
177321
600930
651949
577062
90987
502324
314931
754622
337308
657401
770853
601922
327018
801587
103158
901219
338202
423471
26760
714763
630155
338462
107730
411843
333334
288543
398804
585738
347903
972215
968391
572842
713391
288789
214793
191722
527501
534305
682310
647613
79767
199647
502641
323876
648091
384456
517536
3584
834222
515932
271805
39605
948891
857829
691117
792461
66390
224774
580141
976898
35424
347419
754281
427428
222953
169223
735316
915757
851222
660700
7770
154301
871972
425131
995556
614221
25966
288060
444887
567429
496463
966739
773042
991576
353918
42690
167088
507656
915910
711519
772892
582982
535447
725021
921065
958489
988619
198963
354148
355629
896199
226925
645243
345580
522656
42467
226
586949
269084
706103
316038
259163
404134
788435
386464
376017
42213
592065
60000
177616
532261
583562
512310
544659
218997
484756
973275
550966
698930
457076
851327
339065
476797
448240
605735
44234
92586
493330
857102
757072
701257
299329
582736
11591
547021
275793
169628
505079
412981
657858
534630
485986
840883
515978
454059
312966
962032
947608
146362
885629
744239
591523
608878
230900
878506
557606
797831
402209
987226
939576
912043
88191
188285
437659
317466
837332
403079
815671
551828
513120
616181
94879
896644
650134
940869
718326
527485
266863
304684
803401
148573
692324
45780
351091
723398
390662
279293
419194
699493
448741
325218
785308
105084
471720
449800
316583
437537
281863
208335
593676
722304
294834
259905
848772
908880
962434
87883
905544
182594
709819
210451
716923
1213
513661
895061
783625
602733
749982
602826
234382
80421
81783
400822
317865
779055
836348
470104
78548
446779
506260
678645
912179
98647
231558
197305
202406
62161
857853
31392
751250
150636
994222
768342
126384
154054
398432
166251
515052
602179
136799
586462
45918
47793
756996
60687
446841
806442
745999
450275
166614
915622
569662
62377
922365
342674
947445
943590
710039
192673
220666
920566
150187
481092
233442
46143
470803
69499
443807
782385
545468
636657
711686
876457
432207
340386
350095
256385
326059
89201
896036
533377
169391
697359
861696
829395
462444
590856
184630
345688
943163
700105
368873
349056
434025
691760
336980
119937
802939
229901
186507
450259
754327
146580
355623
532149
933310
252794
399304
679152
73111
179670
723393
27355
912174
438598
756871
167295
9525
593744
629317
210953
829888
769621
166210
361175
417907
97033
973196
189062
233620
194554
678223
632483
726390
499378
298667
656911
752891
151826
257318
16812
413926
750301
72832
369525
383063
234714
737285
318815
209495
13287
394795
150401
274855
273901
356251
412579
720132
621360
471146
921347
266519
445951
40613
740074
645672
299841
900753
91212
45597
562876
69692
741335
507521
747421
818604
814573
366895
794391
985056
382269
92323
167754
383875
559846
584212
