688285
176748
405957
378535
633091
412709
279820
713204
128017
306848
684446
112074
891963
417954
841343
504934
642873
322566
329652
329665
116851
706119
489986
133332
277156
983787
648558
595922
466902
718138
228180
881660
86426
680278
458494
358037
112608
256362
72731
148492
794891
132482
457635
683026
567055
243062
963491
221675
69476
275954
699207
126001
592864
977135
165348
206312
823324
105116
348873
988065
760964
939193
67587
446889
556621
617629
176305
113886
716047
929881
956040
142397
615382
81204
747449
491478
980010
762132
832334
159620
695299
23703
274598
45233
871229
489343
771808
920741
81283
918984
131950
557038
864705
261230
214949
130380
264238
528386
245264
375321
