0.242208 2.352653
0.436031 0.293995
1.555139 3.640977
0.443222 2.154892
0.104887 2.415123
0.590672 1.426438
0.839113 2.243915
1.409334 4.152619
0.047364 -1.485994
1.317317 -0.001982
1.078020 2.588624
2.324385 1.796015
0.786830 1.501383
0.865521 -0.047477
-0.171356 0.217339
-0.385263 0.772687
1.310508 1.195113
0.750511 0.729004
1.503744 1.693821
0.107339 0.306639
2.908512 4.729401
1.122231 0.753539
2.047033 4.928429
0.773080 1.391207
0.837498 -0.001723
1.690052 1.526587
1.555757 3.514107
-0.120255 2.836736
-0.532693 1.445614
-0.097868 1.831261
-0.415773 2.129369
1.059571 0.099654
0.588749 1.024845
0.631989 -0.605065
-0.360963 0.725411
1.779567 3.645556
1.439411 3.168791
0.910378 4.981702
2.021180 2.731150
0.126021 -1.289759
1.414700 4.442215
1.348441 3.870519
1.349254 1.403879
0.270753 1.929868
1.326840 3.194538
0.485118 2.251479
0.103554 2.472984
-0.203268 1.249257
2.037816 2.467549
0.154056 1.693558
0.827086 0.868926
-0.208652 3.278074
0.702873 1.859813
-2.232038 1.292110
-0.086959 0.325549
-0.426436 -0.135621
-0.014451 1.372436
0.786733 1.558981
0.674652 3.417929
2.944398 3.773946
0.428227 2.429147
0.749968 -0.036491
-0.569315 -0.064796
0.522617 2.028597
-0.337977 0.870812
1.030299 3.721776
1.853087 4.200723
1.404253 1.433804
0.299380 2.807385
-0.630543 3.030735
2.460013 3.154630
3.050043 5.172555
1.120501 3.465717
0.010098 1.788284
2.197771 3.758787
0.407344 1.960848
0.530191 1.216245
1.886377 2.917385
-0.385220 1.355308
-0.956754 0.539261
1.420684 4.553181
1.400738 2.493086
1.095142 5.659521
1.496684 1.856552
2.082241 3.287613
1.970448 4.578834
0.431430 5.326147
1.809972 2.806564
1.173247 1.041210
0.494457 2.810001
-0.193306 -0.342720
1.646971 1.961222
0.646377 2.182835
1.046435 3.993711
0.207052 3.504686
-0.550514 1.188282
1.171586 3.308039
0.937861 1.543916
2.199028 3.474100
1.801704 4.934548
2.053305 2.734026
0.251123 1.227989
0.063674 0.870353
-0.269087 2.313259
1.497981 4.018057
3.789081 6.206551
1.727572 2.435282
0.226936 1.829144
1.836634 1.581325
-0.128330 3.568299
-0.424470 1.187956
1.717442 1.732687
0.222094 4.500526
1.315986 3.229365
2.406535 3.650900
1.401125 0.870317
1.929660 3.038940
-0.605802 1.885184
1.661536 0.885864
3.138502 2.770553
1.541139 1.734909
-0.540877 1.927854
0.796857 0.566342
0.500035 3.190664
1.383024 4.552679
1.412035 1.804188
1.405493 2.191242
0.636219 2.488325
0.400728 3.292117
0.410411 2.395770
1.853541 2.952013
-0.853008 0.434797
0.792697 1.590106
1.270378 2.946621
0.347229 3.899817
1.477227 2.990528
0.928680 0.368913
0.061699 2.103734
1.161364 1.958817
0.731817 1.543054
0.590127 1.505104
0.288677 0.480517
1.061445 1.606339
-0.846129 0.039251
0.601667 1.318033
0.456452 1.883360
0.088101 1.774680
1.652699 2.041063
0.265729 1.430978
1.540633 2.314882
1.975841 3.094171
0.843130 3.617004
1.277799 2.959202
1.639517 1.940525
0.919022 2.750611
1.540870 1.945626
-0.262565 -0.986976
2.110424 -0.549894
0.010437 -0.761655
-0.828836 0.771892
2.384499 1.872561
0.937273 1.015954
1.448921 2.278245
0.636742 0.946620
-0.020583 0.655615
-2.072989 1.269964
1.626279 3.348071
0.713315 5.079956
0.802657 2.301376
1.405605 2.279953
-0.419348 0.530818
0.270555 1.377036
2.147328 2.506817
1.597865 -0.023740
-0.281281 1.018907
-1.203264 1.889919
0.428754 0.959327
1.213996 2.760808
1.942377 3.782741
1.093725 3.471785
-0.122312 2.466509
1.306158 -0.836409
-0.172335 0.667232
0.039033 2.712078
0.346265 2.195239
-0.229394 1.391725
0.729035 2.442506
0.100050 3.044971
0.714314 2.060577
0.537578 0.765220
0.590215 1.556774
0.496461 1.473351
2.233297 3.802931
1.610305 2.850584
1.059072 2.753837
-0.466947 1.462094
-0.625803 0.707864
-0.964752 1.098506
3.605196 3.589272
1.972375 0.636645
1.256981 2.365114
0.025760 2.739958
-0.146364 1.281066
1.547640 4.353907
2.565084 3.524001
-0.693344 0.597265
0.550603 1.571651
0.915708 1.593800
-0.991997 1.322974
1.841246 3.418979
0.585341 1.406510
2.912181 3.562557
0.609101 4.126579
1.409182 3.436837
-0.142428 2.520508
0.375136 0.609680
-0.168723 0.708953
1.392575 2.517153
2.301840 2.517775
0.406358 -0.446558
1.436375 0.214794
0.495638 3.105340
1.102108 1.048145
2.196251 5.347517
1.120283 -0.879271
-0.036843 2.075237
0.142897 1.572277
0.830126 0.914652
0.808332 2.439037
0.134185 0.516924
1.180664 3.227718
2.266528 2.721724
0.748831 -0.294290
0.795430 -1.309928
-1.201522 0.523767
0.225487 3.128503
-0.393273 1.543028
0.613765 1.878649
1.525586 3.172606
2.523269 0.918330
2.798494 4.784829
0.883116 0.759104
0.679804 1.889860
1.817516 1.927801
1.490159 2.442924
1.765251 -0.189730
1.778279 4.405063
-0.480305 1.981886
1.540364 4.929066
0.908461 3.828310
0.239748 1.635061
0.306405 0.410957
2.281458 0.340369
0.190262 1.617582
-0.236818 1.671511
1.214686 3.490834
3.010772 1.747354
1.025554 3.064195
1.308299 2.248642
0.061753 0.507385
2.674216 3.861228
1.124988 2.413922
1.530101 1.954035
0.047932 4.007390
1.854043 3.232969
1.389146 2.048694
-0.156001 1.789041
1.039740 2.135021
0.549401 2.004343
1.109248 2.654669
0.749447 1.076344
0.810098 0.850686
-0.032914 1.960637
0.676708 4.332096
1.766527 1.977376
2.744673 1.532629
-0.160520 1.104174
3.377412 2.548415
2.526078 2.330003
1.168508 2.713305
0.698793 1.677416
0.301346 0.864417
1.832771 1.829337
0.305395 -0.096845
0.538117 0.632019
1.883617 0.572584
1.435944 1.535387
1.896747 1.012924
1.504732 1.316883
0.599103 1.400500
0.486152 0.155042
1.796368 2.372570
0.328810 2.114673
2.186659 1.319095
1.790702 3.868932
1.287721 0.045640
1.003226 1.483317
1.365617 0.218753
4.526678 3.307440
0.887563 0.192406
-0.556594 0.461268
2.915102 1.977688
1.609846 0.737313
0.352088 -1.055509
3.617335 4.056171
1.550950 4.921415
1.294204 5.088288
0.222156 0.959988
-0.064930 1.406679
-0.768414 0.499668
0.577080 1.889009
-0.053102 0.258031
1.647755 -0.215338
0.682372 1.792976
2.768992 1.263807
2.510582 0.238607
1.164010 5.222841
0.717236 1.549931
2.152166 3.110367
-0.146508 3.004234
1.673699 0.108123
0.330887 2.211988
0.599677 2.463585
0.328198 1.773983
1.575629 2.496562
0.221906 0.912551
-0.063561 2.424739
1.552978 1.152122
0.576571 0.734769
1.361587 3.140325
0.648111 4.055144
1.269541 1.623619
-1.564449 0.049619
1.465864 2.772763
2.853561 4.345374
2.039289 3.800166
1.910897 2.812817
0.760269 1.040893
1.180998 2.923597
1.244250 2.017308
1.096393 3.869729
0.169532 -0.278124
0.647748 2.010706
0.825225 3.618751
0.519347 1.104934
1.836837 1.591853
3.538349 2.034093
-0.323334 0.969614
1.128340 1.798901
-0.442379 1.459702
2.302508 1.482693
2.409912 2.814143
-0.662543 0.369877
2.943684 2.484061
-0.084698 0.348856
1.226819 1.739730
2.098929 7.271956
1.147189 6.581336
3.295666 4.665063
3.752558 4.417723
1.138318 0.378342
-0.907066 0.273123
0.635007 0.998107
0.151890 2.284082
0.235247 2.256555
-0.127695 1.579652
1.078189 1.588940
3.106630 1.828532
0.284153 1.649116
0.719484 3.366695
2.166475 3.148583
2.212821 2.845894
1.485541 3.112534
2.026016 3.285893
1.870726 0.296999
0.618242 1.833957
1.428893 1.650953
0.700869 -0.840330
0.100131 -0.207444
1.634745 1.894204
1.067454 3.125669
0.812879 1.603114
1.291727 2.492789
1.987695 1.305932
1.392935 -0.657376
1.194551 2.221516
1.279785 0.881598
1.051220 3.576801
0.225534 3.908083
1.786782 1.901683
2.408907 4.282464
0.465901 2.994508
2.927758 1.091951
0.823752 1.867750
0.756250 2.223551
0.102399 2.243056
0.207663 2.499136
0.047025 2.415654
1.353905 3.074390
2.597026 2.385009
1.527470 2.765427
1.854202 -0.553203
2.341847 1.125341
-1.499533 2.340284
0.832441 1.042145
1.353015 2.609828
1.717254 4.353691
-0.304852 0.171658
-0.005869 0.228051
1.790683 1.743535
0.883429 2.525177
1.553090 2.005667
0.039355 0.226161
-0.633802 -0.897714
1.761200 1.890790
2.193307 2.304106
2.632057 2.108009
-0.532190 0.887349
-0.336852 -0.117524
-0.473846 1.989644
0.958337 -0.897584
0.384493 1.883554
2.314155 3.542125
-0.455067 0.149571
-0.742349 1.053302
1.205305 2.488649
2.192930 1.783401
0.197177 1.580540
-0.265636 1.912357
0.850669 0.685602
-0.636447 2.286586
1.017344 3.456610
1.828387 2.839076
1.217738 2.128862
-0.909245 -0.495101
0.463178 2.386202
0.697968 0.240567
2.813582 5.011206
1.914852 3.153887
0.942919 2.321782
2.309362 2.134000
-0.044736 -1.401355
0.651733 0.244164
2.412561 3.189565
2.502383 5.942554
1.730376 3.344443
1.490752 2.655132
0.413874 0.989955
1.744900 2.534215
0.171845 2.858898
1.574521 1.951283
1.281841 4.643479
2.139306 0.955409
0.574132 1.289351
1.636140 2.387427
1.793178 -0.188222
0.101623 2.298793
1.156245 2.181035
2.597254 2.905385
1.112440 3.107519
0.691375 3.226358
1.456660 3.289520
0.724899 1.242253
1.443144 2.159936
0.865235 2.400192
0.981672 0.328245
1.460789 0.859854
2.362315 2.116339
1.451875 2.328683
2.648384 5.193370
-1.028362 2.040499
0.550743 1.189998
1.235993 1.285787
0.164827 3.611435
-0.275955 4.978156
1.617035 2.530019
1.612702 1.672872
1.289381 0.275925
1.395316 3.487446
0.129437 1.947981
0.502312 3.292846
0.893328 0.744560
0.312171 1.974336
1.331881 1.300718
3.365225 4.869219
0.517769 1.029728
1.647448 2.208093
-0.034425 1.022665
2.339555 3.984666
0.030860 2.082198
1.208716 0.775946
0.381407 0.853736
1.512016 0.872664
1.011354 2.674665
0.956011 2.417139
3.949093 1.311099
0.369954 -0.837536
0.953121 1.923118
3.683026 4.263813
-0.146691 1.649959
