1.176947 2.635629
0.692497 1.082836
0.868180 2.124586
1.595358 0.129928
2.046833 1.517912
0.802041 0.817859
1.327678 2.851376
0.761698 1.862117
1.229597 0.586177
1.439998 2.207399
0.383134 0.779033
1.274837 1.255458
1.601102 3.443713
1.092308 2.196194
2.729841 3.391905
0.391443 2.865104
0.262940 1.869929
-0.749879 1.853772
1.910483 3.358718
1.867083 3.982111
0.920107 2.589558
1.898476 4.317446
1.183703 2.121760
1.290790 2.082070
1.112945 4.307127
1.439952 1.545691
1.101662 2.047054
3.787335 4.610537
-0.166665 1.614846
-0.854299 2.931403
-0.140681 2.797674
-0.093343 1.839040
0.566391 0.754397
0.831530 2.665434
0.781466 0.061697
1.541334 2.594077
1.389266 3.264097
1.751229 2.657442
2.778256 4.052831
2.223063 5.308711
-0.283256 2.580620
-1.328955 1.188621
1.901931 3.299804
-0.835639 1.645045
1.066757 0.294163
1.035479 1.466879
3.227168 4.733694
0.930786 1.907736
0.492677 2.516812
1.235810 0.786430
1.245805 2.208250
1.070045 2.829134
0.391419 -0.105405
-0.222593 1.848525
1.316500 1.917694
-0.342869 0.085678
-0.032184 1.434256
2.331216 0.157033
0.581097 -1.024500
0.859678 0.372916
1.899822 1.139560
0.699889 0.298169
2.029366 0.232156
0.654934 2.208757
2.012802 0.397494
1.629335 2.460473
0.786985 2.934684
0.134303 1.564206
-0.043108 1.601617
0.729931 1.364711
0.561859 -0.180467
0.591326 1.737696
1.983545 3.762825
0.702303 4.150633
2.143679 2.002730
0.468380 -0.418556
1.972566 2.706340
0.477750 2.236628
1.176578 1.788062
1.970738 0.965501
0.586028 4.470954
0.561729 -1.340491
3.003391 2.327066
1.950993 0.727150
0.567996 0.942480
1.648941 2.744948
0.639924 2.002582
1.705885 1.412728
2.415849 3.735804
-0.604516 2.021092
2.028853 3.370831
2.457968 2.165926
1.047471 3.410878
2.746257 3.747162
1.155388 5.396488
-0.237120 2.788265
-1.193494 2.433716
0.666593 1.903381
1.713543 0.652397
1.317408 1.667624
