1.518331 2.250634
0.819853 2.470038
1.397602 1.814792
0.987069 -0.052654
1.701470 1.367689
1.621093 1.383111
-0.427542 -0.139381
0.453069 1.030045
-0.230504 1.459985
1.096068 0.764258
-1.277724 0.466017
0.881956 3.096251
2.058155 3.192188
1.436295 2.808890
2.411524 2.499704
0.985388 2.654780
0.462209 0.795005
-0.834761 0.916016
3.635533 0.302969
1.290774 2.565993
2.065599 -0.120787
1.535227 1.270985
0.612656 3.538781
0.680361 4.051208
-1.524523 2.805515
-0.006284 0.053822
0.575843 0.777935
0.338793 1.486815
1.727567 2.419437
1.456614 2.099341
0.493829 2.774114
-0.184646 1.422733
1.781787 3.762270
0.919617 2.456161
1.334162 2.525848
1.346040 1.549055
0.880508 2.543308
1.716205 3.541755
1.227944 3.913703
1.046656 2.779118
-0.064747 -0.593675
1.039860 4.467756
1.916864 1.723296
0.591242 2.728301
1.401077 -1.557237
1.634977 5.576359
4.330585 2.122370
0.281542 0.709767
0.796033 1.451321
0.570088 2.189944
-0.532970 -0.167493
1.183698 3.401899
1.325418 -0.517654
0.637544 1.781949
0.955047 2.117396
0.897620 1.540537
0.697793 -0.558212
0.146405 2.005169
0.280704 0.376279
0.082968 2.409752
1.698912 2.035447
0.974122 3.063760
1.328050 3.111765
0.298943 1.993031
-1.166339 1.238854
1.049773 1.701222
1.626116 3.236665
2.143575 1.382520
-0.821657 0.899519
1.296885 1.994064
1.158514 1.513596
1.046150 1.478442
0.889394 1.209013
2.944654 3.685401
-0.157975 3.347861
1.201391 3.567860
1.441788 0.483835
-0.976719 1.185693
1.438807 2.740875
2.458028 1.590494
0.713166 1.646181
0.708728 2.750068
-0.456211 -0.008811
1.303053 2.109791
2.036554 3.732542
-0.257418 1.240664
-0.351433 2.726123
0.399580 2.313948
1.096061 1.157442
2.120742 4.513114
1.562057 2.531974
0.917744 0.128806
0.156422 0.539911
1.060899 0.685777
1.538867 -0.795363
0.278215 1.491766
1.230002 2.411278
1.270127 2.787845
2.326601 3.282395
2.556131 3.375094
-0.863233 0.052170
2.094457 1.084007
0.350516 2.109957
-0.312394 0.478726
0.393617 1.861158
0.522647 0.995142
1.312420 1.841881
0.784241 3.301122
-0.352117 0.516673
0.651735 -1.528629
-0.907294 0.533402
2.582316 3.028638
0.356316 3.154830
1.695393 1.919199
1.667289 2.315955
0.345587 2.365587
-0.527241 2.052230
-0.531568 2.682289
1.807010 1.233229
0.880325 2.666410
2.062896 1.763703
0.532091 1.904682
-1.927290 2.261016
-0.085131 0.788891
1.795715 4.426216
1.207818 2.048822
2.870702 2.171537
1.346525 3.079412
-0.793112 -0.222515
3.482677 2.640279
2.072953 2.078660
-0.459948 0.115491
1.220999 2.945487
0.955483 3.268888
0.242236 0.750124
-0.813651 2.129211
0.053082 0.169267
1.274562 2.872687
0.444093 0.588229
0.142862 0.430725
1.049140 3.402792
3.605765 2.763054
1.245635 0.571844
1.769333 2.447512
0.458618 0.410668
-0.557411 -1.217842
-0.127086 1.008769
1.542287 -0.031562
1.048174 1.813965
0.952865 -1.192165
1.860925 1.413593
3.081143 2.573936
1.962930 2.033160
0.665200 1.941027
1.301132 0.555389
1.941125 2.656896
1.070398 2.264788
2.473419 1.798557
2.236020 7.354581
1.599165 3.868669
-0.556387 2.445636
-0.196070 1.420364
-0.008940 -0.969737
2.047622 1.388083
0.974074 1.191986
2.901116 3.284711
0.879622 0.871134
0.989461 2.286429
0.775908 2.955437
2.283921 2.217103
2.053821 0.843162
1.186587 2.292366
0.499739 2.246389
0.624615 -0.066616
0.636975 3.408810
1.681227 2.286512
2.013899 1.585020
2.645031 2.214918
2.038247 3.735855
-0.077943 1.461695
2.006039 2.334508
1.126451 1.181290
0.290825 2.046176
0.799152 0.532390
0.855662 2.197337
1.001963 6.510408
1.141720 1.974934
0.864496 1.108716
0.555350 2.842064
2.232503 1.654776
2.447070 1.901452
1.545106 1.946178
1.069841 1.863534
2.422170 3.001410
0.631203 2.475256
0.698634 1.984328
1.056775 0.830161
1.996105 2.055659
0.898127 1.571104
1.549226 1.876412
0.899873 3.778201
1.223006 5.262618
-0.978038 0.207059
2.396711 2.794693
2.006556 3.075674
-0.060200 3.240788
-1.474854 1.011766
2.656835 2.633283
1.059075 2.616963
1.933869 0.704074
1.592924 2.621284
1.413650 1.654227
2.173637 0.341375
1.475997 1.424719
-0.704973 0.757154
1.679671 2.206187
0.659660 1.005311
1.193926 2.990434
1.219588 2.322157
1.343217 0.494080
0.442294 -0.073518
0.428561 2.819665
-0.074184 2.304742
2.097034 1.492746
1.093930 0.726503
1.453217 1.888686
2.034833 2.350636
-0.156033 1.506613
-0.134769 3.417936
0.823730 3.803362
1.690617 1.381033
0.131075 2.585085
0.248459 2.819895
1.534178 3.421463
1.314294 2.991164
1.557117 2.879951
1.692533 1.894502
2.044525 1.663152
-0.736740 1.503020
1.144680 2.913405
1.368283 3.057525
-0.701396 -0.823965
1.093210 1.452959
2.067441 3.149233
-0.520813 1.233339
1.042261 1.541006
0.423943 1.404415
1.706955 1.174217
-0.122306 2.855736
-0.130537 1.104310
2.294699 1.200911
1.482228 2.445815
2.369993 1.399334
1.867083 2.714130
1.615412 2.042191
1.120114 3.220671
-0.321764 -0.476560
0.993191 1.841457
1.206221 2.423610
1.506638 1.216493
0.087603 1.536031
1.091320 2.768735
2.718154 1.338610
0.448576 2.402260
1.106106 3.850464
1.177599 2.136374
0.082472 -0.846460
1.362128 1.685526
1.211589 4.319609
-1.377087 -0.176259
3.215803 4.467373
2.375268 2.216833
2.210863 1.543183
1.857555 2.501372
0.657727 1.391019
-0.199149 2.451349
0.530194 1.333420
1.502559 0.366800
2.910678 2.401835
-0.002049 -0.078675
2.867604 4.999520
-0.052299 2.376989
1.803649 3.138282
0.927332 3.363823
-0.952007 1.092686
3.499656 2.755272
-0.206561 -1.384969
0.292584 3.446351
0.549065 1.230829
0.624581 2.393402
1.212870 2.043595
1.329275 2.765108
3.092067 2.752861
2.421775 1.812307
1.963223 3.387265
0.342599 3.560759
2.074259 0.872150
0.801127 4.144363
0.711283 4.352993
1.545881 3.259080
-0.195354 2.694899
-1.405090 -0.389169
0.586454 2.768639
0.156643 2.099379
1.853352 4.157882
0.737451 3.333930
2.439598 2.693752
0.475219 2.512992
1.626301 3.272031
1.490374 1.099755
1.392134 3.241277
0.030715 1.321301
1.060152 2.120584
0.873422 3.169943
0.422836 2.366215
0.694824 3.538484
0.516722 0.938179
0.689712 1.143823
0.138455 1.106024
-0.220023 1.137077
0.354504 1.893931
0.710858 0.920230
2.000422 5.537968
0.411936 2.271651
2.557483 4.910970
-0.361373 0.457827
2.900082 1.688872
1.177859 0.715041
-1.166610 1.648925
1.706892 2.997357
-1.225334 -0.210418
1.341199 -0.423807
3.251238 1.324229
0.833863 1.942997
1.487023 3.221203
1.672969 4.638365
0.625044 2.724195
1.820489 3.399236
0.625126 1.570763
1.878492 1.498634
0.001988 -1.079217
1.070461 2.534790
0.709458 0.106725
0.221658 -1.875217
1.088556 3.635752
-0.473674 1.157260
-0.639795 1.713008
-0.453281 -0.247110
0.196625 1.314691
1.842577 2.589967
1.049842 4.986411
2.247960 3.500152
1.987096 1.551199
0.518883 1.367124
-0.360795 -0.161924
1.027717 3.452043
0.652192 1.304832
2.224125 4.378926
0.266351 1.245577
2.579552 2.647162
1.254258 0.687401
1.464392 1.160499
0.284966 3.106879
-0.015843 2.846161
0.823972 1.812571
1.021295 3.558227
-0.460904 1.618801
1.110446 0.250852
0.231344 0.388529
1.421351 1.181602
1.976262 2.006617
-0.890918 1.322557
0.274377 1.879671
0.728934 1.001882
-1.251572 1.288928
-1.594147 -0.662494
-0.693526 1.569934
1.895400 -0.031514
2.618608 2.602243
0.362109 2.885332
0.548446 1.965434
1.177729 3.930222
1.814470 2.067402
1.879838 2.696131
3.505960 2.658421
1.472788 1.879323
-0.167982 2.328835
3.318648 3.671190
0.002143 -0.520137
0.295013 1.527298
1.907164 3.128133
1.175538 1.434995
1.068244 0.690644
1.005916 2.290452
-0.339577 2.260587
-0.285451 2.671025
-0.676523 4.441378
1.755868 3.847176
0.104231 2.189103
-0.734641 1.886385
1.476550 3.321627
0.746030 2.678090
-0.303157 0.986745
1.290260 -0.161894
1.439663 2.244555
1.503393 0.289412
0.389940 1.453621
0.646064 1.149326
0.567900 1.555910
1.164479 4.194227
1.510497 3.836645
2.642761 5.428780
0.384874 1.143507
0.371329 -0.690480
0.823442 3.627058
2.161254 3.212946
0.601532 2.040858
1.928355 0.777125
0.264374 1.735559
0.144005 0.411933
2.813111 2.653398
1.860350 1.439173
1.567824 1.581221
1.006642 4.168738
0.400213 4.325951
2.175231 1.878081
2.131256 1.868725
-0.761915 2.042582
-0.151836 2.485243
0.631707 -0.274300
2.484138 1.710448
1.391097 0.682871
2.307653 3.266287
0.422821 3.412115
1.477100 1.741403
0.378476 2.493296
-0.875144 0.081387
1.307786 1.560269
1.039045 3.710473
0.238295 1.882979
0.450085 2.461310
0.220559 2.774976
1.520463 0.852879
-0.040801 2.594360
1.591865 1.295274
0.708391 3.152519
0.763820 3.063103
0.123221 3.344675
0.163184 2.161305
0.327054 2.679146
0.080305 0.966828
0.293578 -0.306004
0.357948 1.004277
-0.519738 2.152144
-0.745394 0.521880
-2.128907 0.598621
1.545688 3.693404
0.025272 3.593460
1.221010 2.008492
0.605779 0.702362
1.837841 1.480851
1.379404 4.681977
2.479598 0.295009
1.238175 2.394351
1.538983 1.841732
0.621270 1.691977
0.085323 -0.809017
-0.724225 -0.801719
-0.371254 3.409201
2.760743 0.559059
-0.298246 3.356346
1.512022 1.841812
1.068258 1.712828
1.689424 1.858167
0.776219 0.666923
0.726270 2.791584
1.630053 1.864700
0.683268 2.347053
1.241652 3.391905
2.416869 3.159172
1.619090 2.268297
0.405250 3.423130
0.723791 0.305137
2.416600 1.416659
-0.784435 0.864825
1.318262 -0.283534
2.546778 3.557461
1.011385 1.235031
1.198779 1.648104
1.966114 1.725388
3.307697 5.782923
1.955168 1.673033
0.434220 1.695805
1.005644 1.342465
0.314058 1.872158
1.010842 2.066654
-1.439050 1.756960
-0.006252 -0.077371
1.559803 1.821321
1.478029 -0.163561
-0.330898 1.684099
1.512118 3.496504
1.200783 2.640742
2.044971 1.414971
1.199954 2.779242
0.057406 0.827195
0.103262 1.338937
-0.237399 2.024640
1.238587 -0.036218
1.845659 1.244609
0.574610 1.196888
0.676402 2.189214
0.451336 1.427155
-1.200449 0.690616
-0.263137 0.729543
0.583622 4.213291
1.326858 2.587301
0.155930 0.294391
-0.214233 1.946173
-0.106182 -1.378142
1.796695 3.602687
1.277353 -0.717251
1.143552 2.862001
1.780401 0.169710
1.857441 2.139780
0.374362 -0.049992
-0.722887 1.439654
-0.457842 0.381185
1.900825 1.862039
1.470813 4.520244
-0.393606 -0.034238
0.585331 2.915687
0.935950 0.953668
1.118022 1.529095
0.938846 3.649533
0.168977 2.217108
2.103529 3.137494
0.500123 3.276967
0.050557 0.747285
-0.961262 0.798941
-0.275656 1.886477
3.756552 3.676601
0.402762 2.914476
2.483540 0.413978
0.479283 0.539041
2.021989 0.842465
0.405662 -0.343298
0.288985 2.422425
1.354569 1.591662
1.159556 0.682421
1.694370 2.082780
0.495402 -0.552247
1.558383 0.660923
0.300201 2.063363
1.824631 0.123537
1.663361 4.320997
1.296808 0.408989
-0.057160 1.398554
-0.650043 0.216082
0.399767 1.475104
1.124186 2.607059
-0.536797 2.849960
1.513270 3.864291
2.612585 2.242420
0.529622 1.527309
0.854852 2.250693
-0.029044 3.680765
0.941475 3.160636
0.118103 -0.609015
2.033805 1.546552
1.770093 0.896408
1.233032 0.872548
0.717815 2.806601
2.630620 2.194271
-1.157991 3.037624
1.352233 2.871758
1.671572 2.760679
1.045499 4.794522
2.322513 2.145166
0.217048 2.096419
1.060761 2.840311
2.364946 1.831614
0.104459 1.799276
2.260092 0.754422
-0.766932 2.483809
0.771156 4.396725
2.428200 3.121536
1.550636 -0.619604
0.994799 4.486395
1.257769 0.435543
0.093552 -0.132435
-0.496650 0.112009
-1.086783 0.600688
1.605137 0.465754
-0.921298 5.072775
1.394329 0.964415
-0.810991 2.264668
1.502566 3.157085
1.275126 1.017617
1.165866 0.865768
0.618618 4.034303
2.256428 3.587282
1.843881 0.965172
-0.235897 1.011630
0.478974 1.590224
1.415185 3.051248
0.620854 3.102839
2.074658 3.864083
-0.259264 2.660283
1.524503 2.656120
1.724489 4.588056
1.345235 1.059637
1.247244 4.877644
-0.356690 2.220097
2.663913 4.761528
0.860022 1.637293
-0.266152 0.343307
0.010306 2.217654
-0.445712 1.907612
0.065159 2.180841
1.611141 2.577861
0.669738 2.734733
1.190535 2.756689
1.808242 1.385987
0.332801 -0.141779
1.757302 2.985209
0.814195 2.135097
0.703546 2.507300
1.330223 0.202135
0.826070 1.057557
0.421030 1.974911
2.700212 4.629193
1.048454 0.439695
1.021769 2.184298
0.595947 2.088129
-0.469244 1.643235
2.251590 1.553452
0.037336 0.438226
1.113565 1.331216
1.056525 2.119150
2.147856 3.217672
0.746924 4.609492
0.181629 -0.523736
0.434488 3.028450
1.137189 3.448710
0.809338 1.771331
-0.471573 0.010457
2.033948 2.058451
0.521034 1.315683
3.522193 4.025947
0.985056 2.315461
0.745551 2.820330
1.085699 1.937052
1.221274 2.885565
1.547587 2.144737
3.626856 5.684729
-0.942978 0.096062
-0.012260 2.463482
0.315964 4.641731
1.307998 1.385018
0.624350 1.905584
1.562417 3.298770
-0.390437 1.424335
2.154891 3.839491
1.264919 2.524232
1.329842 3.973355
-0.229969 1.098941
0.404583 -0.583980
1.164205 3.126283
0.234522 1.140767
1.815680 2.470196
0.364629 2.517228
0.211354 -0.960258
1.467236 1.758340
0.104345 2.329341
1.969757 -0.532122
-0.513839 -0.234396
0.267341 0.553561
3.034395 2.375171
0.150691 2.455083
0.533472 0.009544
1.277805 1.972010
1.356132 3.015333
3.928568 4.086008
2.399740 2.783894
0.493001 2.482344
1.664353 4.416474
2.421374 2.876884
0.950743 4.125836
-1.428017 3.166888
0.692942 1.209683
-0.299082 0.831181
1.584734 3.095894
0.891588 0.951565
2.049008 0.334657
-0.014697 1.852125
2.153464 3.152759
-0.162178 1.679793
2.512996 1.483888
1.179668 1.571001
2.193122 3.959546
-0.427253 1.524468
1.863465 2.176062
0.405733 0.943458
-0.538666 0.750224
2.261977 2.670332
1.410799 2.607700
0.842003 0.992208
1.228192 0.796798
0.515851 1.815907
-0.361615 1.534876
-1.111881 0.989269
-0.716341 0.327267
0.530498 -0.430709
1.672129 2.108895
0.895026 3.092795
1.134310 4.462537
0.545457 2.456254
1.312671 2.600919
1.814168 3.019327
0.254795 1.770308
-0.267422 0.291494
1.543617 1.465435
0.355784 0.159412
-1.214308 0.700066
1.246423 2.366652
1.598082 3.410988
1.703215 1.811069
1.370728 0.917205
0.920692 2.392683
1.123389 0.161550
2.935386 1.587972
1.046264 -0.100405
0.648460 1.902318
2.391837 3.128617
2.157196 1.244334
2.708087 2.545039
1.965419 3.339819
1.558599 2.587083
2.390190 2.327207
0.834204 2.000665
0.709357 1.629000
0.194394 -0.099805
2.734210 3.537668
3.348524 4.200817
2.017250 2.843339
0.410407 2.170166
-0.203146 1.921223
0.098228 2.002089
1.057302 1.427417
-0.286310 1.886519
-0.550978 1.879686
-0.507565 3.067666
1.449805 -0.011757
-1.039985 -1.046529
1.491924 3.113253
1.423215 3.710163
-0.055949 1.890311
0.053994 -0.057106
0.421114 0.953424
0.362328 3.022146
1.846995 4.053568
0.856526 2.864467
0.148467 -0.373011
1.504322 2.850869
1.980111 -0.080475
-0.725793 1.436343
2.203956 2.442900
-0.029784 2.488587
-0.944833 0.858418
1.074850 0.667220
2.130938 2.167638
2.223887 2.449699
0.606862 -0.176678
1.689634 2.752128
0.875973 0.771045
0.808044 3.378529
2.150460 3.218550
1.238706 1.458553
1.961682 1.006043
1.489831 0.019734
0.355201 2.860735
1.550909 4.017508
0.845696 2.275746
-0.225112 0.607084
1.204437 2.732293
0.992585 2.067446
0.475804 2.099539
1.118229 4.342158
0.152521 1.307518
2.902586 3.106476
-0.595328 -0.351373
-0.540355 0.274482
2.051256 3.885162
0.232560 0.889418
0.360464 -0.760643
0.361953 2.425325
1.897132 3.211080
1.118648 2.744781
1.497027 3.342896
-0.860019 0.185509
-0.781983 1.582406
1.218714 1.775269
-0.880462 1.638949
2.900334 1.792030
1.320310 2.513231
2.306531 2.379227
-0.772313 3.683004
1.532155 2.110135
1.490227 2.802341
2.145126 3.180877
0.651983 1.162245
-0.368140 2.882363
0.282060 2.180481
0.473750 3.096736
0.676291 0.941977
0.786846 0.823405
1.254037 2.844662
3.102631 3.957248
0.163601 2.397563
0.332317 2.963964
2.753614 2.973198
3.467045 3.090242
0.267129 0.246450
-0.914024 1.165247
1.495818 2.994912
0.295755 3.306692
0.922713 0.998732
0.900136 2.587865
1.322428 3.144636
-0.308394 2.796886
1.237143 1.943379
0.582582 0.361533
-0.489826 0.701380
0.858085 0.882924
-0.045984 1.453733
3.864112 1.261663
1.050205 1.152512
0.901419 1.168624
0.769883 2.901918
0.882249 3.236415
2.217099 3.301904
-0.386601 0.437116
0.232169 0.845526
2.013034 0.240105
1.470085 3.985766
0.806937 -0.536277
2.353481 3.773780
0.900102 0.437257
1.949123 2.544653
0.996848 1.692125
2.790062 3.936919
1.828894 4.264053
1.651641 1.988190
0.144140 3.331305
0.559617 -0.112851
1.384790 0.410434
1.289098 3.004934
-0.426567 2.007047
1.276810 2.339474
1.353639 0.001083
-0.766410 2.139312
-0.151249 3.039464
2.461331 2.932710
0.455794 1.501952
-0.131497 0.056673
0.639652 1.538650
2.248353 3.995373
1.428810 2.329820
-1.250405 0.860928
0.448790 2.470635
-0.591180 0.190095
0.388847 1.179728
-0.900013 -0.597752
1.668748 0.230509
2.028104 2.043339
1.845336 3.580345
1.999730 1.949999
2.244397 3.799464
0.185316 0.480448
0.491002 1.602516
-0.385997 0.325500
-0.966146 1.614931
0.064628 2.283935
-0.313090 0.626738
1.053438 0.892936
0.625093 -2.012214
1.436099 0.266267
0.066273 2.679782
1.339801 4.835003
1.195378 2.641470
-0.639797 1.230013
-0.958956 1.728501
-1.333663 -1.360399
0.344971 3.070755
1.083719 2.283874
1.511409 1.145017
0.005331 1.507825
0.575180 1.873398
-1.270869 0.998550
2.782374 4.153730
0.212794 1.771291
1.374917 2.343736
-0.603138 3.111375
0.507451 -1.250189
1.959673 3.000998
-0.211855 -0.504875
1.498755 2.546963
-0.181163 3.478110
1.647247 0.078151
1.493589 2.393612
0.876438 0.915033
2.794098 3.997710
-0.606818 1.614813
1.536062 0.673748
2.780716 3.700304
1.310769 3.214010
1.708056 1.097583
0.814259 1.131126
1.881584 4.293051
-0.796442 0.638909
-0.131686 2.615763
-0.090087 3.435439
-0.145275 2.667389
3.393388 5.054063
2.730493 2.271848
0.380342 2.870512
1.441784 4.231407
-0.653722 2.706640
0.294034 4.047375
0.707692 -0.396899
1.305433 3.213272
2.203897 2.851538
1.617186 2.626024
0.980209 3.529470
2.242465 2.636193
0.815942 2.732469
1.654950 1.161410
3.034255 3.252994
-0.170007 2.173662
0.719325 1.913960
0.020512 0.913893
-0.568642 2.531842
1.990124 4.590460
0.538516 2.386741
-0.701687 -0.419085
-0.024073 1.523523
1.985503 2.359592
1.646793 -1.029147
1.112650 1.677886
-0.585158 2.043208
0.479591 2.674161
0.037689 -1.151904
2.338729 2.308638
0.337568 2.752606
1.851168 1.588156
2.695438 3.752859
2.337251 1.297942
1.621795 3.565566
-0.289592 3.219306
3.324070 4.238419
-0.321588 1.103468
0.313771 1.597064
0.983655 1.145735
1.746674 1.793515
1.273440 2.961004
0.196933 1.707287
0.005335 1.701973
-0.501791 2.394928
0.618765 2.579271
0.712059 2.159929
0.859574 3.234465
0.618873 1.896746
1.503369 0.546219
0.859499 1.808521
0.413350 4.186934
0.723107 1.558182
2.639613 1.263206
1.065049 2.287660
2.061318 1.940115
0.619792 2.925886
0.298673 3.240443
2.393222 2.580244
1.611944 3.614835
0.396641 1.252395
2.375829 2.018632
0.763629 -0.032108
0.933631 1.364901
0.949593 3.844879
0.844866 2.292912
1.283540 1.278233
-0.430790 0.483382
1.549093 1.645284
-1.456865 1.924389
0.982927 2.009115
-0.123835 1.686391
1.457157 2.447655
-0.009999 1.347050
1.868003 0.261590
0.297381 3.454062
0.057274 -0.569001
1.272365 -1.343598
0.635681 1.225797
0.473598 2.695473
0.445147 1.680623
1.847217 2.075279
0.507334 1.548948
0.886870 2.458772
0.404060 2.227275
0.823434 2.945881
0.211755 0.604975
1.515810 1.005393
1.264636 3.224156
1.847289 2.010942
1.253376 1.199017
1.326948 0.642603
1.190687 0.724195
2.547387 2.270958
0.873047 2.688486
0.640318 0.368880
1.279969 4.157183
0.599481 3.769729
-0.324115 2.986070
0.404695 1.840645
0.442501 1.157719
1.469384 3.624947
1.532322 2.295232
0.791766 2.269016
1.232938 3.526852
0.109037 -0.795301
0.901860 3.483776
0.694504 1.171727
1.692486 0.069985
1.863935 2.075811
0.451062 0.506514
-0.930126 -0.122592
1.060742 0.762269
2.168908 3.398691
2.114462 1.571575
1.627188 1.556956
1.992313 2.687303
0.068777 -0.280055
-0.256868 2.546652
1.459198 -1.270760
0.845879 1.408847
-0.185805 0.610652
1.705856 3.292881
2.380243 3.228353
1.260771 2.917521
1.280132 1.472477
1.124153 4.516579
0.292490 1.017895
1.020443 2.014800
1.855364 1.508344
-0.142761 3.115551
1.953700 1.213253
2.256132 0.735140
0.913703 1.543821
0.885100 4.663997
2.370886 2.332195
1.473856 1.242557
1.444534 2.236460
0.850248 2.223523
0.183843 1.203518
0.548670 2.412741
1.417620 0.169496
0.082364 -0.354076
0.969253 -2.719240
0.263956 1.738853
-0.340951 3.238353
2.630004 3.130000
1.869528 2.597109
0.793750 3.015146
2.147236 2.121861
1.083075 1.237721
1.472196 2.594069
1.429324 3.174708
1.302125 3.553563
1.013142 0.532727
0.989026 1.677382
0.276663 -0.851057
2.178387 2.333358
0.701937 0.842998
0.958218 2.544364
-0.073383 2.062141
1.031312 3.305313
2.500224 4.518711
-0.112533 3.400581
1.721177 -0.280856
-0.464707 1.315606
1.536052 0.573861
2.538049 3.741266
1.124076 1.259267
-0.155103 0.574905
2.718875 2.101391
-0.050034 0.263895
0.327029 1.176625
1.438110 3.658220
1.375057 3.191983
0.923259 2.100499
1.253090 1.783153
1.437423 -1.897260
0.831126 1.085650
1.265695 2.598433
0.629502 2.359355
0.479830 2.138937
0.489047 0.330182
1.078948 1.912416
-0.009999 0.535688
0.301471 3.241126
0.879496 3.782187
1.357626 3.351332
0.795450 1.718765
0.997547 2.846131
0.370203 0.516329
-0.521402 3.093383
0.396247 2.720226
0.407569 1.193370
2.430324 3.551039
2.024315 2.418265
1.509680 3.054950
2.222775 1.690033
1.082023 2.365086
0.431097 0.813957
1.858320 0.659173
0.321643 0.753393
0.219315 0.966179
1.542390 3.274644
0.418310 0.292245
-0.042121 2.307720
0.213011 0.391777
0.362671 3.078952
-0.371337 1.428583
0.257783 1.437607
1.526999 0.672053
3.164966 1.571851
0.412725 1.414161
1.598615 3.980467
2.780063 2.967198
0.984166 0.653920
0.620518 2.988708
1.209946 1.966727
1.207868 3.253378
0.177397 0.854170
1.113695 2.307510
0.407308 -0.156427
-0.097207 0.357216
1.118509 2.980801
1.899086 3.154713
1.597756 3.883056
1.001747 2.670452
1.702748 2.589084
2.079158 3.504731
0.859204 2.985923
0.672197 3.330613
1.711654 4.449069
0.991627 2.996367
2.868652 2.730336
-0.295956 -0.404066
-0.493448 0.376886
-0.062782 0.382701
1.138784 1.324212
0.941905 3.909048
0.761918 0.666050
1.936042 3.352405
0.847523 -0.039817
1.516167 1.859079
2.627456 2.703537
2.158147 1.834931
0.512321 3.096786
3.219825 2.669409
1.971985 4.124472
1.231629 1.234332
-0.064781 -0.103336
2.702891 3.654465
0.888403 4.450284
0.886145 3.713550
1.029379 3.437230
1.226028 2.971444
3.212801 5.333971
2.352539 4.493167
0.919659 1.542905
2.589450 2.984570
0.648298 0.655886
-0.066744 1.264307
0.544364 2.820454
0.392940 2.236128
0.875317 0.593746
0.931314 3.622533
1.826193 3.742376
0.295007 3.202327
2.000222 2.918904
0.693626 3.131958
1.511819 2.934504
2.838682 3.648071
1.135949 1.985122
1.501541 1.763148
0.306107 -0.153312
1.232001 1.954088
0.211330 0.748059
0.828357 0.948155
0.292369 1.171111
1.090403 2.592720
0.119072 -0.253321
1.857115 2.668382
1.263802 1.707923
-0.282766 -0.930623
-0.959446 -2.214411
-0.504839 2.430543
0.066246 0.952309
0.988880 2.870463
1.383329 2.556586
-0.209972 0.665619
-0.792806 2.189066
0.501700 2.833834
-0.709190 1.356787
0.760330 3.194607
-0.156444 1.924870
1.444699 3.201106
0.360950 0.150475
1.066404 3.455053
0.035046 -0.787249
2.734965 2.220837
1.085890 2.851892
0.723097 1.253097
-0.326541 1.953062
1.340157 2.919697
-0.094462 0.614729
-0.167708 2.451042
0.292662 1.998849
0.334763 1.724589
0.377871 2.917946
2.660602 2.591378
1.648143 0.981674
2.356246 3.482711
-1.679041 1.636049
0.723387 0.815362
0.850158 3.850445
0.677145 0.357790
2.648559 1.682991
0.482610 2.450826
0.189721 -1.271633
1.317977 0.402025
-0.245073 0.867759
2.627263 4.371579
2.009871 4.340592
3.330685 2.065243
1.554269 1.385753
1.204571 2.605055
2.238604 3.894996
1.135261 5.466893
0.980540 2.436334
0.056043 2.596702
0.225805 1.049033
0.962957 0.673451
1.661919 2.506025
1.978413 2.838958
0.345041 0.607959
0.527390 3.315890
0.115889 3.436362
-0.248515 1.908574
1.292401 3.970943
0.701545 1.147123
2.335985 0.891319
0.568809 0.079096
1.874003 2.975041
0.488330 1.286508
1.451614 2.815708
2.230453 4.044791
0.814360 2.623153
1.217718 2.909047
-1.633191 -1.561561
0.528572 1.069526
1.199911 1.803736
1.110327 4.099256
2.662212 3.080947
1.340578 0.088796
0.998356 4.173736
1.522099 2.916223
-0.292669 1.374508
0.532153 1.126881
1.496582 3.850121
0.767069 0.766613
-1.393790 3.702422
1.723083 2.120993
-0.368418 0.030726
-0.262712 -0.421334
1.425635 1.798748
0.757021 1.942649
0.220620 1.105807
-0.579633 0.268369
0.377690 2.439698
-1.187269 -0.116238
1.354742 2.542834
0.924673 1.611001
-0.305685 2.186575
0.802606 -0.160854
3.937051 4.738534
1.223234 0.748485
1.398458 1.073201
2.610200 4.144603
1.386161 4.475291
1.009708 1.447829
1.072500 2.316306
1.319194 0.575167
2.070862 0.404959
1.300832 3.703937
2.172189 3.577114
0.890585 1.899547
1.827242 1.728931
0.480172 0.096766
1.853027 1.689586
-0.175120 3.390000
0.545600 1.455546
0.493891 2.500419
2.803693 3.026755
-0.012748 -0.273281
-0.240289 -0.883891
1.266565 3.523385
-0.207752 1.690714
-0.050072 5.241483
1.468666 2.036215
1.282900 3.002781
2.341197 2.864943
1.380597 1.333109
2.435431 1.637614
1.799588 1.068878
2.628561 4.153638
1.129107 1.326132
-1.084764 -0.324455
0.352886 1.445150
0.748268 0.978634
1.190216 1.945000
0.532458 -0.704717
1.530740 0.683201
1.244656 2.202851
2.946429 1.950700
-0.277054 0.508562
1.007458 4.449019
0.636545 3.514525
2.266836 2.337912
1.538037 0.676160
1.806825 1.156989
0.888529 4.873273
1.912892 2.283282
2.524632 3.117017
0.307635 1.692288
0.097525 3.044071
1.070394 1.016913
0.311533 0.677081
2.230902 0.249684
0.725441 -0.157838
-0.103599 1.804676
1.081196 1.924486
0.214250 2.625023
-0.463551 0.589520
1.396845 2.802330
0.435713 2.709080
1.378162 4.737869
2.170492 2.470998
0.954188 1.733545
0.364939 1.799187
1.331383 2.263858
1.882188 2.215019
1.418544 4.689698
0.959452 3.618266
0.929856 1.278524
-0.014652 2.587500
0.866253 3.578762
0.959200 0.744902
1.602768 0.882561
1.782261 1.934196
1.214639 2.411643
0.190221 1.753206
-0.385261 1.170136
1.090874 2.305193
0.785978 0.631508
1.150868 0.912280
-1.355418 1.281156
1.620138 2.047533
1.310622 1.605386
0.909220 -0.311494
0.603077 2.079257
1.594677 2.800577
1.220193 0.267742
0.283495 1.375797
1.011742 1.971439
0.044996 2.595138
0.221657 0.631241
2.528761 1.917045
-0.868347 -0.012625
-0.220955 -0.965912
3.650158 3.410532
1.094925 2.460802
1.396234 1.134972
2.357537 1.416403
-0.941147 -0.531467
2.760588 2.618632
2.060240 3.939837
-0.046791 -2.264657
0.727974 -1.134993
1.436867 3.592516
0.134214 0.616667
0.359980 1.595202
0.480725 3.299020
0.851518 3.940865
0.349136 1.714597
1.599673 3.169546
1.094094 2.296651
2.381235 3.316725
0.245172 1.133538
1.967517 0.490850
1.538957 3.021769
1.643090 3.148941
0.908814 1.421622
0.917310 1.206119
-0.335113 -0.591307
2.173280 1.876462
0.809860 1.113257
1.395669 1.699175
1.744715 4.553153
0.749367 2.342262
1.165380 1.549569
0.564702 2.176264
2.170819 2.972500
0.090819 3.085157
2.301449 3.796690
2.041372 3.836591
2.475226 2.954391
1.286687 2.625821
2.446169 4.127572
0.939997 2.087503
0.841530 -0.143260
0.575163 2.013630
1.454721 0.981666
0.585174 1.693216
0.941446 1.332833
0.746842 0.958180
0.786803 3.392254
-1.127096 0.428912
0.764467 1.881914
-0.708200 1.241800
1.322263 0.269734
1.739867 3.914962
0.302595 1.456433
1.691704 3.405569
1.427895 2.573076
1.012390 3.499890
2.755926 1.896954
1.771682 0.111851
0.968875 1.304348
1.701268 1.505149
1.649843 0.718165
2.684328 4.351245
-0.389806 2.546213
1.729037 3.454126
1.203778 -0.301460
0.095865 -0.746689
-0.658433 3.231222
0.109076 1.661913
0.904224 2.644777
1.408505 1.750753
1.673858 0.068627
0.682655 1.767322
0.768778 1.532604
1.675172 5.885302
1.831251 0.888058
2.202190 2.093969
-0.898095 -0.227577
-0.207450 4.020036
1.286132 3.078107
2.051252 0.915208
0.104252 1.977574
0.709939 0.150138
0.544104 1.349797
0.932696 5.985176
0.547206 2.221012
1.757512 0.954089
-0.550207 1.536755
3.021265 2.120292
-0.363713 -0.033792
2.008775 1.274751
2.157430 2.732607
0.833432 2.941871
1.179935 1.994223
0.551148 0.065072
1.785084 1.385329
1.320492 4.505238
1.230959 1.247757
1.859752 1.828122
0.915095 3.618774
2.201493 0.843534
0.976673 2.921266
1.693585 1.768744
1.076699 1.079754
1.515027 3.533232
1.181143 2.276703
1.588817 2.731144
0.580396 2.235296
2.198308 2.885727
0.662333 0.699799
1.367715 0.651247
-0.135805 2.124907
2.380630 1.971040
1.846110 4.639733
0.700137 1.458066
0.113655 2.060789
0.622275 4.294817
1.382010 2.129696
1.429051 2.686073
1.675128 2.083320
0.448548 3.749831
1.041638 2.359088
0.832367 3.456532
0.384094 1.217680
1.836755 0.285007
1.360159 2.139788
0.660353 3.421094
0.601136 2.799661
0.971869 1.689294
0.304779 1.648450
0.106018 0.320918
0.929769 2.894869
0.605712 0.729065
0.708446 2.293679
1.447338 0.725235
2.754183 2.994203
0.184245 3.681891
2.871329 3.095784
1.134560 2.607911
0.323565 1.302096
1.649470 0.657778
1.392162 3.900412
0.458469 3.701978
1.126581 2.522140
-0.433600 1.791190
-1.561109 1.151166
1.304151 0.310050
-0.083250 1.634145
1.634800 3.280085
1.602915 0.671684
2.018216 3.962355
1.646056 1.172330
1.771435 2.250645
0.722169 0.714168
3.240752 2.686293
1.267794 3.408380
1.399586 1.003772
2.319474 3.224694
-0.043382 1.215020
4.031531 3.799466
-0.216103 0.837653
2.426968 4.322818
2.335491 4.682241
0.332362 1.748479
-0.971516 -1.539122
0.086144 1.625495
1.160036 3.899010
1.464760 2.441064
1.315803 1.677518
0.529207 1.630844
0.941681 -1.998545
2.789931 2.603438
1.429519 1.600119
0.789091 1.378776
1.018799 1.925873
1.957012 0.645554
0.682475 -0.256212
1.836741 3.202470
0.196912 0.680547
0.289072 0.999817
0.199308 2.537003
-0.816281 0.670069
2.429048 3.641513
2.239294 2.931251
0.315095 1.251785
1.527276 2.112114
2.354695 1.368375
0.144816 2.392934
0.021716 2.855479
0.585634 2.712422
1.976282 2.982657
1.286227 1.216838
0.839949 -0.269275
2.101441 1.872588
-0.096529 3.096680
-0.048615 2.295041
1.018839 1.436781
1.372819 0.904167
1.313782 0.769590
0.055910 0.331583
0.590880 1.459222
0.745563 1.356649
1.189580 1.022157
1.152206 0.614891
1.219727 2.017997
0.253957 1.907378
1.562041 2.044114
2.049712 0.085334
0.801205 -0.278231
0.655651 2.373034
1.504848 1.768677
0.173020 0.103830
2.738551 6.041915
0.212413 3.058197
1.022350 2.841834
0.216590 1.586216
0.550849 1.587025
0.844042 4.698503
2.022323 1.282872
0.589890 2.896971
0.967851 2.677737
0.839051 2.724949
2.200020 2.485145
-1.010563 3.380365
1.564772 3.728207
1.077795 0.020076
-0.457915 1.689887
1.028888 2.782645
0.926647 1.733284
0.972778 2.236044
1.616538 4.033586
1.014977 2.304095
1.690668 4.594480
2.719058 1.662557
1.695479 1.738125
0.879134 1.590785
0.292228 2.271731
2.841817 3.467147
0.618250 3.050896
2.049005 3.322810
1.855348 2.855265
1.675975 3.263728
1.389896 3.968234
0.431341 2.790647
1.769345 0.224607
0.885054 0.782735
1.019709 -0.540067
0.967582 4.478077
0.547353 1.328395
-0.191057 1.293832
0.581476 -0.558061
2.237709 1.595845
3.004250 4.255281
0.960022 0.555402
1.633142 4.630045
1.433266 0.250629
-0.654253 -0.468111
1.188184 2.662843
0.088152 -0.468815
-0.591612 -2.065815
0.298816 2.310359
2.681313 1.254253
1.091219 1.378563
-0.074384 0.820505
1.716169 3.996985
1.491695 2.448303
0.690534 1.920115
1.559338 2.521720
0.715662 -0.858076
-0.274582 0.552062
-0.257885 1.456919
0.863400 1.431301
0.041642 0.591882
0.475826 1.889638
1.053023 -1.314582
1.144802 -0.702778
-0.565509 0.908965
1.313201 -0.194113
0.906907 1.138301
1.644212 1.659576
1.855337 1.972755
-0.316776 1.712150
1.634822 2.411056
1.157592 3.140871
2.301079 2.437687
1.188401 3.531600
0.261232 2.712703
-1.046350 1.263121
-0.018971 4.053903
-0.207934 1.265340
1.154686 2.730918
-0.346714 1.479407
-0.398932 3.044263
1.141878 0.353686
2.906033 1.763336
0.132340 1.152815
-0.596343 1.026655
-1.320187 0.593470
0.114326 0.905352
1.541152 1.141341
0.826898 -0.107091
1.021727 -0.135026
1.678087 3.371170
2.464225 -0.036652
-0.927642 1.442293
0.569108 1.874601
0.269500 2.246411
0.320145 0.240776
-1.573720 1.030716
-0.305965 1.356558
2.201156 3.689740
1.687023 1.543269
1.091124 4.506963
1.713416 3.772465
-0.372533 1.560972
0.844049 1.959545
0.627406 0.561371
1.749359 3.178978
2.481414 3.462744
0.126054 2.689873
2.085429 2.519017
1.056387 3.228849
2.279155 1.834864
1.985375 0.426382
0.067279 0.185607
2.915061 4.914291
-0.439163 2.135015
1.214875 0.455875
2.581889 2.464633
-0.504958 1.694410
0.665788 1.477772
0.612837 3.888588
1.159930 2.013908
1.583250 1.869595
0.715364 1.118773
1.438556 1.638377
3.175047 2.934691
2.554479 0.073473
2.730572 4.010297
1.547119 2.051980
0.310068 3.830307
1.371067 3.684947
1.679083 0.800515
2.033849 3.260322
1.757879 0.961701
0.398771 0.325919
-0.291437 0.878084
-0.360970 -0.619683
0.452208 0.217367
1.506716 2.449757
2.547626 1.058405
0.905394 -0.146716
1.923391 4.337061
-0.225096 2.762245
2.338606 4.169715
1.076963 2.736657
2.242971 2.527904
1.637086 4.065381
0.354097 3.886502
0.026340 0.829094
-1.308009 3.532016
0.885194 -0.261057
0.850807 -0.184244
0.604820 1.028737
1.914612 1.766455
0.987825 2.669049
1.688993 3.291826
1.760936 1.440983
1.270992 3.393710
0.114269 2.480471
1.573995 0.363788
0.574153 2.561615
-0.449984 2.700060
1.973980 1.139957
3.446115 2.491074
0.201132 2.921735
1.016135 4.912832
2.232349 2.157181
-1.131568 0.505335
-0.923995 1.738302
0.753390 1.536047
2.047675 1.385707
4.387652 2.041589
4.212392 1.411318
2.016571 4.988547
1.641079 2.866198
0.427740 2.130677
-0.782413 1.555149
0.902308 0.898598
1.178271 2.796360
1.097844 3.625704
2.657081 0.674447
1.111378 2.535507
2.601776 3.019636
1.770086 2.783465
1.807643 2.389638
-0.405130 1.821917
1.794129 0.935733
1.656962 2.989211
0.301037 1.907840
1.382717 1.719251
1.453900 2.873237
1.551441 1.573365
1.722765 1.734438
2.169837 3.184534
1.080642 1.465181
1.542864 0.220455
1.010722 -0.116403
1.985977 1.452118
0.402768 4.172352
2.053036 5.565458
-0.215376 1.303874
1.884398 0.384840
0.861515 1.937401
1.308557 3.067024
0.657511 5.232953
0.873177 4.219538
1.316476 1.628051
1.868023 0.849388
1.885541 1.790438
1.351972 0.677760
2.254380 4.385691
1.374087 1.626656
2.220100 2.374029
2.897534 1.791671
-0.178950 2.283102
-0.127986 0.215042
2.249244 3.585440
0.848448 0.604483
1.477172 2.607221
2.564992 2.142107
0.361360 2.658314
0.027356 0.547934
1.090446 1.088419
1.188415 0.767004
1.522856 2.090368
1.504684 1.591911
-0.425421 0.553579
0.796594 3.133220
0.759351 3.590709
-1.342897 0.364078
-0.315076 3.872788
1.771963 3.507171
-0.100619 3.738166
1.242737 0.789636
-0.759027 0.453379
1.294687 3.385626
1.881533 3.324132
2.141825 4.354290
0.564724 2.234065
0.019805 1.990458
1.784254 1.969851
0.955198 1.251569
1.057496 2.881788
2.228917 2.862239
2.826279 2.865244
0.124869 2.225745
0.510668 0.760520
1.084889 0.709627
1.671212 3.210935
2.342196 3.048090
1.567703 -0.042786
0.571451 0.799327
2.002373 -0.145992
1.581512 3.196669
0.837972 2.536111
1.593740 2.499230
1.201719 2.741759
2.823515 2.028778
0.749175 1.245756
2.266990 2.698614
2.186338 4.010283
0.466936 2.459971
1.680301 2.267707
1.898447 3.933196
2.637292 2.757426
-0.296598 0.568299
0.193805 2.797333
1.160885 2.497462
-1.366221 -0.637871
-0.526504 -0.209158
-0.808322 0.127934
1.699790 3.545697
0.369745 2.481651
4.002050 3.574513
1.811524 2.169302
1.814733 2.662441
0.840103 3.706514
0.687295 2.839865
1.814782 1.697792
2.179968 2.346409
2.459282 3.437501
2.375260 2.186932
2.092592 4.034940
0.975216 2.452901
0.973869 3.884774
0.120851 1.244731
0.865561 1.398965
1.392562 4.840520
-0.391248 -0.779033
0.591612 0.803239
0.592401 2.901681
1.093750 3.764969
0.673069 0.286158
0.676900 2.919869
-0.308811 2.410389
-0.158757 3.179740
-0.294498 2.375182
1.308368 2.626662
1.432376 1.147911
-0.873025 2.788014
-0.123501 2.415300
0.630707 0.589590
1.543208 3.123206
1.209105 1.126874
1.860537 0.679796
-0.352695 0.746095
0.343916 1.738416
-0.351047 2.889923
1.089603 1.753480
0.185289 1.754105
1.762269 2.842475
-0.689402 -0.389889
1.080683 1.649626
-1.162310 0.478623
0.090846 0.590343
0.921321 0.382460
1.398146 0.734427
1.332134 1.719251
-0.757871 0.259225
1.472558 4.167612
1.799484 1.453066
0.201609 1.635308
2.016062 2.013955
0.437653 3.818452
0.152204 3.486226
1.186995 1.351887
1.656821 3.282437
1.462353 1.378592
1.297759 3.361245
1.591559 5.157611
0.689503 1.377406
1.686324 1.308576
1.622258 0.712950
-0.560150 2.729784
0.420925 2.464070
1.944073 3.588054
0.638427 1.510675
0.384032 0.498781
0.743087 1.092546
1.928299 1.645378
-0.256435 0.200130
1.780851 2.408146
1.799971 2.026231
1.509904 3.712185
0.348887 1.020984
-0.129045 2.497079
1.910469 1.121821
1.410192 4.747742
1.122163 2.283495
1.180912 2.055816
1.407867 1.668624
1.365812 1.472721
2.197093 1.955980
1.662686 1.863610
1.087473 3.751786
1.979130 3.197658
2.896660 2.959276
1.252181 0.794356
1.988623 0.249050
-0.091094 3.857083
2.149143 2.382440
0.432433 1.531506
0.663053 0.334226
1.684128 3.152485
0.592828 0.597707
-1.179603 2.080197
-0.985205 -2.114702
-0.385169 1.864199
1.546214 2.515795
0.501900 2.413457
0.667754 1.397082
-0.075462 -1.730565
2.878240 1.665400
0.758191 5.470767
0.193425 2.891118
1.258474 1.071685
-0.571792 1.854359
0.477799 2.354351
1.098982 -1.214469
3.089712 2.622124
1.298728 -0.534947
1.313430 3.693931
1.778585 3.644860
2.039629 4.485147
0.464566 4.436276
1.356910 2.284320
-0.694788 0.454479
1.474596 2.628935
-0.132206 1.724909
0.837969 1.698805
1.206114 1.863779
0.154417 0.227028
2.276637 2.698798
0.484487 -0.043971
0.368071 2.033392
1.678179 3.157599
2.318612 3.545871
1.177447 3.278294
-0.052628 2.173556
2.041847 3.685651
0.245745 1.605751
-1.025358 0.480310
0.006187 3.349575
2.541741 0.330588
3.059633 1.562848
1.215594 1.053822
1.092453 2.822312
-0.780149 -0.702157
-0.796557 1.043248
1.749978 3.038781
0.750293 1.432707
0.219513 2.503570
0.477768 2.581052
0.527226 4.920902
0.875921 0.073816
-0.092859 0.745054
1.209038 3.400439
1.278319 1.939947
1.825251 2.074610
0.497697 0.815082
2.588858 4.338512
0.668554 2.856182
1.536820 3.424025
0.542600 2.035398
2.707338 0.487671
0.523264 4.576121
1.928129 1.408090
0.643593 2.560973
1.944901 4.580317
2.091160 2.744029
0.840244 1.767667
0.666005 2.776923
0.437939 1.265636
0.809198 0.948968
0.567437 -1.158212
-0.880275 0.783472
0.728623 2.066641
1.291382 4.146409
0.247243 2.541942
0.355977 3.054853
0.393160 1.411707
0.960058 3.823503
0.181562 2.812703
-0.244894 0.918949
2.543230 2.897014
0.442601 -0.203015
1.541634 1.128601
-0.171915 1.887378
2.976379 1.914422
1.009260 1.736282
2.164917 4.210071
1.771269 1.465902
0.991682 1.845925
1.314776 0.733683
0.377934 2.660660
1.113028 2.790233
1.855828 0.440637
0.464486 0.591665
0.430152 0.981016
0.795157 -1.605569
1.760437 0.702504
0.014894 0.465990
-0.051047 2.203388
0.709114 1.552326
0.735159 0.363671
1.690130 2.001271
2.077392 3.521752
-0.066528 1.292559
-0.904607 -0.696718
-0.570790 5.192661
-0.198286 1.727287
-0.289393 3.362131
0.912476 5.518289
0.587396 3.440042
2.605060 2.653157
1.738103 -0.342242
0.973944 -0.044201
-0.238756 0.761788
1.157000 2.275752
1.346329 4.582599
1.444588 5.394818
0.632382 2.951104
-0.001650 -0.158541
2.567970 2.524112
0.450422 4.680412
1.043437 2.052071
1.693523 2.261898
1.026361 0.709778
0.232457 2.069174
2.635646 2.098638
-1.786547 1.182437
1.470406 3.738980
2.505849 5.088760
0.866096 1.910892
0.886888 5.198870
0.382505 4.082975
3.431920 2.096253
2.622273 5.016662
0.966616 2.627987
0.745827 0.657898
0.181376 3.271454
2.537465 4.024412
-0.606486 1.978373
0.133783 1.706428
0.561635 0.358965
-0.089586 4.640505
-0.220775 3.101660
1.707434 4.604527
0.930136 2.614411
0.513688 1.217452
0.743377 3.447222
0.893016 0.120778
0.051130 2.132030
0.788718 0.938303
0.139688 1.610197
1.808732 3.285818
1.489246 3.478507
0.652811 1.360905
1.331162 1.773084
0.148280 -1.753088
0.389351 -0.255338
0.378823 4.427655
1.207048 2.574976
1.053434 2.761399
-1.027979 -0.693497
0.019713 0.971813
0.512008 -0.916758
0.784743 -0.227019
0.486554 -0.293946
1.654394 -0.200144
2.295868 0.799457
2.007141 0.848696
1.386946 1.142347
2.082533 4.163160
2.182618 5.236285
1.554828 1.229731
2.995579 3.384812
0.747135 1.654846
1.348021 0.613367
0.544887 0.415417
0.364293 -0.808277
0.020143 2.669372
0.238508 1.578258
-0.283547 2.780955
0.698750 0.856878
0.292768 1.106903
2.557026 3.482336
1.527933 2.238665
-0.934262 2.936673
2.168691 1.433242
0.465818 3.701014
-0.577927 0.770698
1.531172 2.073318
2.225115 2.015478
1.291686 1.430502
1.403926 4.427258
0.201687 0.540189
0.850508 3.623762
0.901689 1.765140
0.768960 1.793554
1.733191 2.561191
0.227018 1.515814
0.677695 0.082548
0.552481 0.454466
1.415006 2.782987
2.259087 2.258342
2.776408 3.131186
3.091608 3.940057
-0.004567 1.693928
0.268874 1.059340
2.942101 2.860772
1.375360 3.989176
0.447212 2.615861
2.401175 3.763110
-0.553721 2.420343
0.536023 3.032699
0.062277 0.514236
2.118937 5.855181
2.956807 2.774853
1.741885 2.425788
2.497098 0.757767
2.563500 4.217087
1.696605 3.105052
0.491495 1.999646
1.907904 3.271921
1.330060 3.310331
-0.119976 1.914294
0.441484 -1.625081
2.495849 2.605547
-0.152525 1.204174
1.323799 2.737841
0.238649 1.221479
1.559998 2.471280
0.015758 1.635664
-0.256635 1.140576
1.221734 3.003945
0.113894 1.669314
2.309234 3.815447
1.521140 1.473868
0.658778 3.932294
0.653439 0.698839
-0.998237 0.619130
0.989488 0.031677
3.183822 2.236243
1.307751 3.827518
-0.024359 2.113840
1.334725 0.902884
1.728755 3.033810
-0.322844 0.385850
1.526785 -0.528265
2.428161 1.997891
1.228151 4.745529
0.699472 2.134700
-0.014308 -1.128969
1.070128 2.976599
-0.010911 4.088537
0.667940 1.778857
0.583499 1.593223
0.952695 2.778334
1.465511 1.132177
0.578707 2.198794
1.069630 5.415165
-0.713786 -0.020571
2.002336 2.600191
0.008615 2.057527
0.719284 2.451534
1.169868 3.246335
1.894898 2.172517
0.198978 0.610118
1.026822 1.929796
0.412239 -0.856334
-0.087041 1.166785
0.963665 4.934308
0.829442 1.168166
0.959283 2.470284
-0.030477 2.169545
0.485528 2.282482
1.333146 2.270788
1.694519 1.489847
0.729569 2.349175
2.990112 3.332681
-0.016391 1.723139
-0.340644 2.154167
2.634768 2.592316
0.072577 -0.041175
0.810909 0.886462
0.008528 2.447699
-0.173451 2.802877
0.226529 0.772332
0.837117 0.132598
0.552260 0.409590
1.867208 3.797784
0.581496 3.030408
2.269123 3.696999
0.177616 2.902481
-0.559532 1.181735
1.294892 2.360840
2.320294 3.631261
0.767235 3.129337
2.235370 6.062073
0.756549 0.577629
0.367306 1.835391
-0.238411 1.974773
2.070723 0.972862
-0.295807 -0.651680
0.673767 2.056965
0.220701 0.657599
0.226786 1.613292
0.716314 0.569805
1.143328 1.939948
1.236035 2.254856
0.155549 -1.419266
1.340792 3.195301
1.514993 -0.465890
0.859761 2.274871
0.772754 1.915735
-0.209216 1.708647
1.310339 4.215202
2.646156 0.740631
1.749143 1.445695
0.885002 0.911994
1.576486 4.384666
1.185096 3.871571
1.572880 3.243077
1.123267 -0.043473
1.009561 1.382269
2.589831 3.505475
1.123171 2.538373
1.638417 1.441227
1.778025 4.428048
2.326958 1.883483
0.844356 2.445972
1.628475 5.018858
1.065594 4.377907
0.517044 1.493272
0.897753 2.970565
1.604331 4.577518
0.252857 0.340452
2.583274 4.095460
2.883808 5.467081
0.270963 3.000242
0.653099 3.501080
1.461620 2.232747
1.402879 0.463996
2.384986 1.710144
0.928600 4.060479
2.594231 2.894636
0.164997 2.702275
1.080347 0.667234
1.323489 -0.238947
0.033105 -1.257625
1.059189 2.407300
0.734826 -1.015142
1.857693 4.353937
1.545686 3.814796
2.853752 3.334257
1.996097 3.883213
1.102891 1.910020
-0.918382 -1.387621
0.868932 1.767613
0.231368 0.718710
3.389952 4.868466
1.077246 2.499173
1.375607 2.734799
1.395564 1.702346
0.887501 0.760766
-0.829037 1.456354
3.091452 2.465968
1.359093 4.021714
0.205655 1.116833
0.772688 0.834093
2.593821 2.507997
1.155206 3.508952
1.178596 1.339230
0.662269 1.704801
-0.524992 -0.717675
0.290593 1.806829
0.133383 1.059877
1.071481 1.441836
1.155621 2.269036
0.817809 1.944703
1.731016 2.362154
0.652432 5.804566
1.234424 3.501906
0.132271 3.801442
0.017461 3.713339
0.706428 1.472885
1.824470 1.767987
1.194133 -0.111053
1.297692 0.858691
0.289875 1.266864
0.312326 1.534206
1.572838 2.716721
1.445218 2.426049
-0.325959 -0.241680
-0.499875 0.813058
2.015968 4.807532
0.972484 1.585723
0.839554 0.698161
1.378835 1.851335
0.892839 2.391955
1.212835 1.591599
1.468064 1.666325
-0.616074 0.735076
1.014738 3.587885
0.962236 3.098628
1.403809 1.203462
1.305254 1.159741
-0.243110 -0.938027
1.131859 3.566351
0.000525 1.357176
0.645787 1.500534
1.105589 2.291187
1.955426 0.747023
1.464799 1.005686
1.266706 2.377741
-0.423223 0.860538
1.111057 -0.682353
2.172855 1.558674
-1.115583 1.294448
1.462161 3.656626
-1.459903 0.887817
0.695143 2.040682
1.398233 1.559982
-0.705787 1.426571
1.759410 3.101604
1.203238 0.899589
1.958683 3.881184
1.486830 0.031081
0.554096 1.716035
1.325673 1.854785
0.979902 4.183225
-0.888476 0.638918
1.338361 6.472245
1.337805 1.804867
1.424331 1.257614
1.112871 5.159806
0.881730 1.916228
-1.686286 0.315486
2.548356 2.968298
0.075621 0.202546
0.279595 -0.305580
1.833505 1.557936
0.433508 1.810081
0.000849 3.023075
1.641267 3.936483
0.746050 2.515766
-0.121700 3.037757
2.647927 6.322817
0.693322 2.716047
0.225959 2.898994
-0.354240 0.921534
0.674073 3.437024
2.553216 1.273266
1.628131 1.872947
-0.027546 0.340650
0.798058 1.154047
1.861066 5.088750
2.558157 2.506019
0.870319 1.366664
0.182228 2.971835
1.288506 1.723501
-0.131379 1.862966
1.881317 3.178744
0.055786 0.370900
0.378408 1.216324
-0.991052 3.571023
0.048047 1.707359
1.257949 3.341590
2.198197 4.304277
2.108967 3.325944
-0.612667 1.361652
0.643370 3.536071
0.991384 0.312447
0.985386 3.607707
1.217088 -0.706724
1.180191 0.400107
0.479484 1.167806
0.760418 1.765954
0.306985 -0.527512
0.315089 2.696277
1.932603 2.364277
-0.208551 -0.070521
0.639214 0.226032
-0.182369 0.123498
1.644658 1.203625
-0.088833 1.286299
-0.698475 1.078419
-0.290360 0.570976
1.545627 2.159577
3.135350 2.201289
0.423141 1.947892
1.825189 4.483773
2.613104 3.958234
2.215922 2.060677
2.613911 3.001550
0.400061 1.486481
2.040080 1.948678
0.755593 1.458387
-0.485067 2.743953
0.643821 1.092155
1.354524 2.431761
2.834913 3.741477
1.897692 1.067191
1.252302 0.111714
1.984028 3.521873
0.485439 2.258658
-0.310654 0.630856
0.312684 3.167356
-0.185465 1.830816
1.982389 1.946528
0.864653 1.342641
-0.190040 0.734067
0.792690 0.434110
0.154385 5.227842
0.685705 -1.194438
2.424280 3.077256
2.491477 2.753295
0.255952 -0.084709
0.625623 1.618053
1.424107 2.733215
1.114116 3.428785
0.488902 1.895181
2.022337 3.288195
-0.419184 3.631028
3.546679 3.127865
0.642044 1.055608
1.401318 0.291492
0.293805 2.781413
-0.020663 0.809617
2.133961 4.467337
1.038545 2.115698
1.230913 1.935850
1.125734 1.310625
1.696286 1.659918
2.739474 1.184513
1.665377 3.133478
1.687532 1.783122
2.238969 3.472969
1.898663 0.193112
-0.150098 1.884730
0.735820 0.647844
-0.625180 -0.900176
1.581643 1.977219
2.902493 3.772833
2.580094 4.166934
1.921029 4.105641
0.062098 1.026185
0.262814 0.351605
1.179781 6.136159
0.868170 1.201076
1.867927 1.494184
2.314392 3.290175
0.748880 0.442110
0.928240 1.075409
2.095209 0.512995
1.489280 1.978690
-0.680154 -0.339845
0.188475 2.112126
0.247775 1.875030
-0.325919 0.379653
0.818519 1.398243
1.131415 1.305155
2.393830 2.921636
1.706213 1.480535
2.162847 2.942485
0.246312 0.494018
1.321925 2.941758
2.635704 2.597891
0.352205 -1.049068
1.673263 2.590534
2.273555 3.894357
-0.039812 3.162309
1.487950 2.548997
0.093246 3.513331
0.525297 2.682541
0.333913 4.466709
0.497980 2.102475
0.691114 2.483186
0.163099 2.161096
0.371676 2.427101
1.500903 3.355943
2.670254 4.251556
-0.541730 -0.080799
0.727991 0.144712
1.341647 3.946044
1.484367 3.526419
1.952684 1.352169
1.131350 2.000341
-0.741913 3.585952
1.667761 0.798144
1.898156 2.886284
0.450684 -0.113921
0.682500 2.071408
0.417307 2.117530
0.835789 1.676015
0.064867 2.785041
2.188107 2.413182
-0.212788 2.970794
0.618821 3.266464
2.322653 2.295227
1.385346 2.538870
0.638178 2.098907
0.573623 3.071904
1.387138 3.847375
1.902777 3.506596
1.717775 2.395796
2.736081 1.690144
-0.008833 -0.210204
0.819961 3.371861
-1.026548 3.640017
1.408938 2.564793
1.734325 2.276482
1.081967 3.285226
-0.686517 -1.074175
-1.061711 0.624992
2.820937 0.257616
-0.249132 1.943949
1.936316 2.507017
0.828441 2.350970
0.921631 1.392996
0.389631 -0.780299
1.568876 3.604890
0.842803 1.053517
-0.068506 1.704474
0.687478 3.107127
0.982877 2.752694
0.867668 0.836535
1.444685 1.877780
1.401739 1.914418
-1.514190 2.059559
0.211507 3.314463
0.885983 0.533572
1.474137 0.888479
1.684916 2.516264
1.539770 2.268293
0.619551 2.077253
2.443057 1.329177
0.190701 -0.184222
-0.471231 1.159508
1.425422 3.855229
1.964193 3.323010
1.970417 2.328072
1.522314 1.752429
1.874779 0.947405
1.158066 3.274693
2.565689 3.918954
2.352758 2.456474
1.092528 2.561420
1.782523 2.753689
2.110024 3.787275
2.499947 4.930588
0.867619 -0.403110
2.257800 2.220879
2.093293 2.439650
1.975221 0.792223
2.200286 2.214597
0.892717 3.026154
1.619499 1.303636
2.090969 -0.244755
0.557965 0.425279
-0.280793 1.741399
1.658783 1.317387
1.201029 3.358935
1.450020 1.484233
0.986931 2.300735
0.153518 0.784903
1.482718 3.080237
1.933121 0.289670
1.291701 4.325544
0.786606 1.602974
0.959295 1.796510
0.771972 -0.006892
-0.381105 1.307285
1.265064 2.039211
2.062073 0.930693
1.058548 2.821176
0.435399 4.389206
1.662651 3.912011
2.209074 2.520982
1.454821 2.967882
1.493571 2.531206
1.221621 2.669115
0.425356 -1.027831
1.132270 0.862789
2.128640 2.186937
0.943994 2.813807
1.706266 2.837614
0.939449 1.834213
1.590249 -0.571863
0.380393 -0.201875
-0.190280 3.182266
-1.435356 0.964941
1.732006 2.389152
1.346812 1.725619
1.728087 6.220682
1.571160 1.376851
-0.777574 0.922883
1.103379 2.764404
2.934848 4.724498
1.930673 2.291987
0.849165 3.207947
0.531801 3.086886
0.634713 2.165075
1.258135 0.385074
1.185360 3.159540
0.105435 1.690752
0.545575 3.832111
0.716984 0.744914
2.096502 2.543642
2.017797 1.840762
1.302555 -0.289591
-0.260928 -0.022826
1.240151 -0.476513
1.783438 4.636463
0.806980 2.224477
-0.307010 2.143789
0.234400 1.890734
1.782553 3.877207
0.931337 3.976116
1.383216 1.654328
1.311429 0.877597
1.752057 3.842857
1.957192 5.459407
1.441504 1.929873
1.553146 1.269755
1.367188 2.626072
-0.144697 0.178709
1.927484 1.432076
2.047735 3.421370
1.329096 1.873562
0.760326 2.579499
0.432163 1.049607
-0.564610 1.994777
1.029718 2.469995
1.607178 2.990894
1.960290 4.037431
0.874463 3.095034
0.517436 -0.283867
2.720410 5.279539
2.711623 1.208385
3.391953 0.857111
0.062758 2.800235
-0.283841 0.322699
1.162596 -0.431346
1.389030 2.137260
1.684993 4.781200
0.508181 2.941707
0.801199 2.819995
0.691695 0.429687
-0.970999 -0.054277
0.177874 2.812065
1.067323 3.792089
0.584372 3.268682
1.841799 3.158699
1.593507 0.944251
1.299009 1.904223
1.620326 3.943439
3.054750 4.900555
0.748196 2.409106
3.663588 3.482595
2.857824 3.393787
2.264711 2.012601
-0.968842 2.161305
0.435084 2.029261
-0.317214 1.978991
1.202111 1.917468
-0.058401 1.907738
0.560030 0.973395
2.477887 4.888369
-0.228259 1.030328
-0.846684 2.028402
0.252396 -0.944652
0.743692 3.205822
1.683926 1.870559
1.118213 2.896964
0.647654 1.273575
1.234607 3.037474
-0.138218 0.739095
1.301032 1.594636
2.036698 1.252601
0.979746 0.011791
2.185631 3.169781
0.667378 3.314857
2.019893 2.732606
-0.345987 0.466899
1.045250 0.514286
1.569786 1.000101
-0.048041 3.846666
-0.476551 1.405164
0.408824 0.281825
0.740991 0.396094
2.356837 1.700786
-0.005650 1.218898
2.044222 5.224804
0.740678 1.937800
0.380798 0.047755
0.648986 0.870932
3.136199 1.769801
0.384003 3.493129
2.513936 5.449680
1.085554 4.111457
0.497400 1.304874
1.705825 3.977113
1.119694 2.013379
0.914305 1.796832
1.482052 0.813238
0.524029 1.446177
3.117041 2.036036
1.099027 1.753949
1.806671 1.571144
2.016919 2.075943
0.066602 -0.550804
2.472505 3.452640
1.984960 0.810021
0.253315 2.085462
1.315409 1.343807
0.085669 0.434022
2.230368 0.170323
0.973413 1.593650
1.909717 3.676249
1.059257 4.260953
1.268029 2.858008
0.505785 0.080287
0.540863 1.493168
0.811989 3.374119
3.425649 3.889683
1.870545 1.621065
1.561763 2.593400
1.549710 3.477288
3.398342 2.698947
1.457321 1.246450
1.655074 1.269137
0.386521 2.384616
0.981309 2.652708
-0.038046 0.844184
1.545862 0.276514
0.330601 1.815664
2.364796 2.332535
1.978851 2.601642
0.933731 3.852486
0.642122 2.226118
-0.374434 0.215371
1.850665 5.265516
1.858155 1.542056
0.900447 1.301442
3.104033 3.785230
1.594185 0.489124
1.601986 2.486623
1.023121 1.959245
1.768642 5.113042
0.257183 3.284375
0.903695 2.475338
0.004769 0.064326
-0.231262 2.073088
-0.837654 0.609436
2.589752 2.098707
-1.031849 -1.475818
3.355229 0.147461
1.764044 2.841156
-1.114653 1.538379
0.909647 1.454752
1.884819 3.282282
0.311625 2.074806
1.795720 0.563620
-0.037747 -0.144005
1.098199 3.606499
2.523727 3.367936
1.374233 1.766288
2.239007 1.235932
1.065530 2.375004
0.319692 1.984706
1.513557 -0.193339
1.053690 3.274329
3.130117 3.145895
0.180399 2.032592
1.098988 0.302075
-0.461732 3.448220
2.626998 3.919350
1.660438 1.237519
2.417105 2.438569
0.746769 1.058309
1.450423 2.775884
2.301366 3.718487
0.706683 2.340893
1.569216 2.910534
-0.405687 2.005988
0.706864 0.424017
0.880454 2.883238
0.299975 0.496765
-0.577016 2.025541
1.287584 0.696102
1.240202 3.575146
1.622445 2.867064
1.968519 3.532609
0.125470 0.669736
1.262285 3.169240
1.145016 1.076968
2.197550 2.105203
1.924739 2.104282
0.216153 2.284387
-0.815068 2.785402
0.188152 1.284338
1.988930 2.221188
0.992617 2.404215
0.796281 1.008166
0.303257 3.576407
0.374976 3.082509
1.463204 3.478234
1.758130 1.765540
1.506400 0.157470
1.180018 0.946206
2.169020 3.147553
0.819602 1.066099
0.983715 2.403118
0.020479 0.617686
1.200609 2.367211
0.852524 1.679453
-0.019877 2.010980
1.555248 0.072883
1.269996 3.877620
3.061480 2.768233
1.516728 2.766900
1.517820 4.718368
0.823595 1.926268
-0.092419 2.970230
-0.186317 0.973086
1.338367 3.526603
2.533758 3.382361
1.377798 2.200381
1.953230 2.100524
0.509857 2.487582
1.313562 0.917304
0.736195 0.657769
0.207818 2.900975
1.744095 3.242633
0.719444 2.610513
-2.216938 -0.123424
2.934769 2.981521
0.701242 -0.084501
1.382981 0.465233
0.545613 2.321134
1.156459 0.658647
0.738736 2.050225
0.938552 -0.091997
0.565105 1.191960
-0.103666 0.206384
0.541218 2.506562
1.294173 2.159520
0.805223 2.262891
2.597672 1.282774
4.095442 1.975730
0.244204 -0.041808
0.127643 2.980398
-0.052991 2.271167
0.024400 1.760691
0.887892 0.900346
1.345423 0.749669
1.154879 3.388810
-0.306842 2.003730
2.525712 1.310447
1.958633 4.660182
0.013828 -0.826723
0.762811 2.311987
0.514211 2.649884
0.938836 2.172354
0.360083 0.403727
0.284677 1.977447
1.181414 1.810470
0.697406 2.115875
0.997826 1.582167
0.648480 2.503825
0.855130 1.264131
1.214071 0.388225
0.345858 2.876237
2.385581 3.984859
1.605128 3.412647
-1.755394 -1.497331
0.337297 2.253136
1.643925 0.886143
1.935733 3.649333
-0.426473 2.537895
2.766362 4.224929
0.960249 4.384764
-0.502625 -0.638752
0.575037 2.299444
0.350711 3.762953
2.570454 2.827349
-1.191048 0.940590
0.192907 0.668929
1.386848 3.660756
1.742925 2.723163
-0.624816 2.790649
2.368025 1.318365
-0.408839 0.196534
0.117834 1.614645
0.653441 2.083027
1.842839 1.166280
1.550730 2.764267
1.005089 1.634579
1.877321 4.121164
0.456459 1.801468
2.572216 3.134349
1.091946 0.862115
-0.841558 -1.136616
0.095933 -1.527191
0.014352 4.165119
-0.129829 2.222845
1.660786 4.295857
-0.207816 1.201897
0.999802 -0.066158
0.878460 0.433771
0.226380 0.049704
1.108790 -1.126353
0.297336 2.555427
2.847970 1.665285
-0.510030 1.637967
1.265105 2.324436
0.500287 0.866921
0.790496 3.573977
-0.730379 1.546849
1.841645 0.395379
1.216090 1.992580
2.095596 2.940118
1.621105 1.646520
0.204510 2.045204
-0.221838 3.073424
0.489164 2.331419
1.519538 3.719583
-0.104937 3.989141
0.755114 4.077555
-1.185731 1.371892
0.015587 3.664842
1.473450 0.204481
1.816466 2.460208
2.390921 3.529755
1.419891 2.660258
1.361253 1.821067
0.021713 -1.276091
-0.978825 1.058888
1.994518 0.843903
1.538026 1.450967
1.445521 3.322321
1.654221 1.202636
0.562013 2.896290
2.122651 1.545036
1.959860 5.054798
0.711405 3.241880
0.384057 0.217948
0.949383 2.954760
1.669184 5.337029
2.149875 -0.929159
1.989452 1.850184
-0.892887 -0.640313
1.294597 2.594254
-2.068873 1.628579
-0.598779 1.458974
0.153682 1.586642
1.044202 2.461156
0.942315 0.563712
0.877382 0.600038
2.037151 3.545727
1.117241 1.344156
1.881672 4.435969
0.923859 3.304268
0.085572 0.273792
-0.186314 1.896959
2.199755 3.560363
0.584038 2.049168
1.483943 1.463390
0.993488 3.372568
0.476235 5.850443
1.460517 2.323786
0.157589 2.268888
1.920293 4.599289
2.278415 2.034976
2.820372 1.785608
1.675905 2.545266
1.935485 -0.404378
1.788261 1.269863
-0.008194 0.299158
0.884670 3.288809
1.419144 1.531021
-0.142972 0.234088
0.776523 1.209671
-0.416411 0.556265
0.737701 3.493920
1.228029 1.638102
1.336120 0.873388
1.683451 3.298812
1.980725 3.019013
0.784469 2.907118
1.961221 1.687593
2.034960 0.710200
0.843090 2.283009
1.110775 1.982722
1.909423 2.385094
0.933936 1.341762
0.273243 2.105638
0.491619 1.870198
0.356543 1.436822
-0.084096 0.983704
2.232902 -0.597621
-1.085013 2.582947
0.907842 2.961080
1.129626 1.986722
1.206293 5.162345
0.786519 3.506361
-0.526984 0.529851
0.455781 -0.376346
-0.027812 0.059129
1.687556 0.817251
0.606721 2.497615
1.475658 2.347878
0.936547 3.910708
0.440953 0.144664
0.264603 2.029010
-0.386620 1.575755
0.200826 1.060136
0.388781 0.035898
0.889777 3.313994
1.414259 4.892740
1.230095 3.284969
1.857031 3.316360
1.048209 0.425520
2.023348 3.317768
0.818007 3.894034
0.709872 3.013735
1.815204 2.605184
1.322332 1.779546
1.138375 2.842451
0.548988 0.430761
0.846959 0.081824
0.120998 -0.679291
0.807293 1.513042
1.194886 0.980281
2.594878 4.388509
0.558057 1.555588
0.578029 2.889790
1.225809 -0.836612
1.146405 1.244458
1.009690 0.740900
1.107599 3.114222
-1.049531 1.628037
2.314030 6.478845
1.618040 4.934454
0.580735 3.739290
0.345381 1.128388
0.309853 -1.934638
-0.679269 1.940434
0.751831 1.788211
2.193355 2.219460
-0.563573 3.458480
-0.745189 -2.911170
0.975905 1.322735
-0.348189 -1.416567
0.712794 0.172262
0.248735 2.162451
1.431725 3.540924
0.568761 1.390001
1.121855 0.956730
1.420567 4.392138
1.404850 2.819537
1.483730 3.472841
0.706674 3.321712
-1.469478 2.539163
1.252209 5.529776
0.070827 2.530653
1.531846 3.202487
-0.326312 1.825160
2.024025 3.301440
0.098735 1.522914
0.344184 1.683462
1.398171 2.522872
3.345312 0.162251
0.054705 3.127609
2.789503 3.820751
1.490436 2.660068
0.107064 2.641026
1.764206 1.659967
1.221817 0.831939
0.530062 2.562336
0.562894 3.307800
-1.051397 1.735854
0.839207 1.525811
1.530750 0.246585
1.264524 3.353098
0.668064 2.613180
2.065074 4.336281
0.603598 2.502193
1.615847 1.804026
-0.157767 2.054912
0.806961 2.209039
1.286296 0.261728
1.721219 1.839516
1.038690 1.187908
1.343145 1.494550
2.256098 2.270109
2.244186 1.386383
0.436877 2.042289
1.234618 2.555034
2.547341 2.214735
1.166981 1.538078
1.031501 4.479149
2.418840 4.570011
1.892036 1.015536
0.342935 2.473611
1.003798 1.370106
-0.124073 0.936041
0.751304 0.884726
1.898670 0.484751
-0.288094 2.930846
2.021614 -0.042758
0.615750 1.645276
0.302574 1.949935
0.265581 -0.561346
-1.129739 2.052112
0.905748 2.211293
-0.152046 1.184267
-0.679169 0.478893
0.995011 1.606221
0.412503 2.557978
0.600731 -0.690002
1.124209 2.672491
1.164378 0.187810
0.649914 1.683441
0.714714 3.331123
0.602174 3.174572
0.743620 0.693314
0.064526 1.938282
-0.307469 -0.344555
-0.125289 1.343496
1.527863 3.945642
1.005442 -0.462592
1.899864 4.755641
2.179986 3.551348
0.236296 -0.137684
-0.056674 3.826427
-0.860638 1.929379
0.788890 3.088245
1.691298 2.747330
2.498205 2.690692
1.076073 3.577814
0.535209 0.250523
1.220293 -0.148734
0.178211 1.327852
1.090596 1.984611
0.919152 0.635326
-0.238461 1.680905
0.663573 2.755832
1.462542 3.508429
2.424667 4.450714
1.550282 2.055992
2.942518 2.354185
0.306379 1.466880
1.185088 1.544221
0.833129 1.803735
1.147516 3.420501
-0.076305 1.344699
0.896590 1.944735
0.684641 -0.041458
0.626738 0.596370
0.635748 4.408316
0.741727 1.272005
1.008841 -0.967750
2.295887 2.324126
0.620926 0.192129
0.994665 1.022826
-0.646941 1.779931
1.186072 3.949260
1.080752 3.607193
0.352996 -0.569826
1.370197 4.507555
0.713331 -0.341851
0.728535 4.140609
-0.129265 0.256080
1.877298 2.104437
0.077718 5.093384
1.107800 2.879002
1.118926 4.543207
1.718439 2.715849
1.739080 5.605139
-0.355259 1.646647
2.290521 2.193672
1.573420 -0.537096
0.050445 3.287041
0.010311 2.166963
0.590513 1.467231
0.464164 3.983049
1.965501 4.764090
2.018643 1.199152
1.211297 1.714304
2.026361 0.780545
1.109824 3.307375
2.326612 2.301054
2.218623 3.072324
-0.268754 0.769008
1.836291 3.648630
1.367967 2.507655
0.780238 2.392606
1.840888 4.172330
0.549913 1.562838
0.434154 -1.280933
1.566466 3.514127
0.894056 2.567182
1.095586 2.734747
2.147269 3.283255
0.504453 2.846776
1.241709 3.734191
1.767682 2.526514
-0.165267 0.505666
1.102891 3.753948
0.830371 1.335580
1.457274 1.033299
1.262058 3.312723
1.029127 3.323236
0.178613 0.936133
1.923374 3.928111
2.492881 3.161794
1.492341 4.757563
1.845268 2.435794
1.048235 1.992148
0.605573 1.901986
1.180613 5.022548
-0.552707 0.588853
2.659258 2.521405
1.930519 2.893427
-0.832780 1.740169
-0.312796 -0.102039
1.575380 1.588407
0.839012 -0.215325
0.969557 0.942325
-0.602136 0.996168
1.125498 1.314407
1.180545 -0.813454
1.635109 2.001492
-0.472696 -0.288820
2.020282 1.155005
-0.061606 1.501359
1.060541 1.732910
2.513324 2.620526
2.329509 2.871802
1.388209 2.422719
2.061923 1.762179
-0.152552 2.859196
1.824067 5.057306
1.913640 0.741884
-0.029163 -0.132123
1.139010 1.824027
3.858356 0.575337
1.961788 1.727598
2.244885 -0.387179
1.607051 1.068301
-0.157829 -0.315059
-0.898908 1.402426
0.919809 1.453502
-0.015772 1.948237
-0.444536 2.331978
0.861371 3.163364
1.432021 0.654420
3.252994 4.681073
0.540419 1.460076
1.090487 3.765299
3.608135 4.739592
-0.037169 0.883150
1.253104 4.549453
0.733401 3.391084
2.317484 3.040803
1.111701 1.491955
2.271437 3.059094
1.411779 4.378617
1.757916 1.334762
-0.672335 -0.059859
0.266515 2.094757
-0.323215 1.922760
-0.511565 2.295027
1.911439 3.206245
2.043876 1.172740
0.862961 4.793108
0.009605 2.481942
2.044403 3.049895
2.824659 3.602036
1.703412 3.092482
0.177848 2.730847
0.550687 2.567494
1.703210 1.752260
1.062228 0.958520
2.026437 0.526914
0.018085 0.200790
2.536166 1.823215
0.712119 3.946906
0.288700 2.903385
-0.174956 2.300613
1.855773 4.225451
0.663824 2.989171
0.725812 1.325747
0.622705 0.312176
-0.039732 2.313828
0.291602 3.764812
0.880811 -0.270448
3.169424 1.734098
0.623369 -0.468578
1.798686 1.279094
0.057972 0.071354
1.873113 4.645692
1.895998 1.508643
1.715522 1.073673
1.371602 3.097585
-0.825201 2.599888
0.858404 0.260690
1.601390 1.332540
-0.809290 0.226848
0.581087 1.257188
2.197547 2.448908
1.033763 1.752090
2.356309 2.563647
0.661672 2.104153
2.238674 2.714142
1.159801 2.097087
1.678257 3.366201
-0.441733 0.556522
-0.479529 1.534696
1.488351 2.348857
0.641291 -0.645504
-0.825181 1.486773
0.546934 0.933178
0.644450 2.033517
0.145230 0.888389
-0.246822 2.776533
1.221765 0.884139
1.335632 0.828677
0.197510 0.799398
2.323744 2.088458
0.512591 2.477864
-0.980698 0.656411
1.022903 -0.509380
1.813618 3.975321
-0.897525 0.583376
2.877514 2.952331
0.709332 1.186107
0.177118 2.106489
1.283705 1.777026
0.460503 0.752248
1.949737 1.765291
2.327904 5.850872
1.437385 2.086357
0.994490 1.423920
-0.703329 0.314229
0.236207 2.185063
1.021814 1.572421
-0.998218 1.807041
-0.053935 1.868336
1.149504 1.848612
-0.231906 0.168054
0.228769 2.755096
1.301260 3.125920
1.189429 1.704573
1.118572 0.540119
3.440893 5.505737
1.670596 4.079177
0.320470 3.080710
1.048529 1.873294
2.160484 4.349352
2.808723 4.497785
1.684621 2.679946
0.221963 1.645131
1.685550 1.633755
1.568333 1.623547
1.525274 0.500941
0.946321 4.285652
0.782133 2.920108
1.096949 2.469648
0.401155 -0.566584
1.594379 3.940143
0.949314 1.777313
2.331658 3.116300
1.745640 3.836986
1.226336 3.107448
2.331503 4.647124
1.868309 0.396042
1.340048 -1.056263
0.089402 0.535261
2.332589 3.003352
0.873671 0.533399
0.648401 1.259334
1.030143 1.635568
2.068322 3.471166
1.118575 1.395758
-0.136590 1.073516
0.719151 2.065015
0.193790 2.187319
0.728199 0.714616
-0.251324 0.622106
1.355772 0.892322
0.655208 -0.105892
0.116143 2.213448
0.418746 1.596524
2.270441 3.373053
-0.195075 1.652977
1.486046 4.563883
1.168949 1.249499
-0.193622 1.088854
1.040071 3.962563
0.074656 2.937897
1.835879 -0.713218
1.551278 3.503127
0.882979 4.032429
0.010794 1.731572
0.480126 1.390003
0.501867 2.191242
1.345399 0.667880
2.246236 3.299246
1.758684 0.630983
0.554891 1.513869
-0.882986 2.020272
0.264111 2.249300
1.352668 -0.925745
-0.061124 1.274248
0.994836 1.179021
2.472620 2.164425
2.625466 2.543465
1.175818 1.153497
2.769805 2.422028
1.569826 1.509303
1.708937 1.797943
1.556560 3.333874
0.506958 1.698414
1.196018 1.284485
1.517741 1.850506
2.185528 3.438261
-1.571351 1.596549
0.146009 2.466293
2.386660 3.496042
1.651926 1.768473
1.217806 3.509496
1.522586 -0.835337
2.183280 2.096915
0.054714 1.765522
1.411033 3.559022
-0.880946 0.829140
1.132085 1.936363
1.096166 2.677558
2.259984 4.746764
0.265262 0.770972
1.545429 2.175019
1.955807 2.980357
0.293294 2.337828
1.311628 2.451295
1.048762 2.941465
0.826176 0.278259
0.501745 1.523573
0.337697 1.006539
-0.167966 2.675626
0.536688 2.014052
0.069962 -0.160401
0.953844 2.674776
2.565035 2.923008
0.703730 2.526121
1.971639 1.635049
1.487971 0.977107
2.350496 3.577488
0.993522 2.058686
0.900580 1.472500
0.848713 0.324794
-0.217470 0.178137
3.032497 4.311644
-0.426988 1.314653
0.876012 1.556897
0.633528 0.261616
1.073642 3.007294
-0.431164 -0.347714
1.778555 2.641701
0.956810 1.107908
0.771033 1.875749
2.421755 1.903671
1.674682 0.295082
2.718792 1.601482
2.314473 1.231559
0.452836 5.133398
0.744148 3.058228
2.247196 1.534883
0.582868 3.822494
0.924825 4.346831
0.551032 1.124879
1.417334 1.180468
2.075263 -0.805688
0.391075 1.301706
0.498140 0.986511
1.953732 4.695490
2.710202 1.780000
1.952409 3.691651
-0.372862 -0.936471
0.931591 1.355836
1.314514 1.572678
1.072836 2.352335
0.471057 1.630198
-0.755809 -1.274403
2.206941 2.009818
2.061574 2.733188
1.723284 0.358108
0.622209 0.386070
-0.314506 2.729708
1.583539 2.974828
0.138730 3.002012
0.760257 0.993078
2.249690 -0.092359
1.961540 2.143523
0.670883 1.386413
1.366231 2.621880
0.337187 3.032071
0.215797 2.566458
0.801899 3.529711
-0.286960 1.506592
2.888342 2.985927
1.503861 3.024987
0.237636 2.828959
0.993008 1.605597
1.960473 3.593699
0.826230 0.962818
0.770145 1.420763
1.777791 2.819833
2.476534 2.853851
1.868757 -0.810373
1.135792 4.050505
1.530530 3.396120
1.023220 2.967536
0.551717 1.748599
0.341539 1.801605
0.214814 0.196428
0.152971 1.913649
1.010875 2.685662
-0.588405 1.887523
0.871965 0.987217
-0.513224 1.198431
0.731613 2.014931
0.079734 1.393201
1.145828 -0.630277
1.973148 3.279661
-0.679957 1.673424
0.251356 2.266960
0.250997 0.971753
0.539298 2.783847
0.806177 1.402927
0.070969 0.246929
0.743721 0.636076
1.993262 4.177428
1.144039 1.233668
0.500940 0.736349
1.305429 3.231848
1.543901 0.650430
-0.776630 0.764340
0.825152 1.545418
2.986712 1.929069
1.057357 3.304399
1.174785 2.321290
2.576291 3.806201
-0.204926 0.293683
1.853059 1.932638
0.692681 3.009848
1.248014 0.176842
1.602659 1.943060
0.792286 1.852302
0.363994 2.385520
1.642017 2.786495
0.876939 0.424146
1.108694 -0.343074
1.596460 2.800417
1.901298 1.863169
0.751773 2.071226
0.026744 2.943324
1.426132 2.138231
2.310581 2.885440
0.380010 3.256010
1.499439 3.476026
2.414304 3.571344
0.927181 0.869971
1.330564 1.962923
0.889718 1.226894
0.075249 2.085405
0.199120 2.591758
-0.230740 -0.360373
0.831883 1.550254
2.802870 3.223577
1.233712 2.515101
2.628067 2.904417
0.101989 -0.730659
0.500517 1.349896
2.734303 3.869945
-0.358958 3.916994
-0.303772 2.340191
2.996617 0.938976
1.984563 3.020882
1.235209 3.477168
1.063658 2.760314
2.115573 1.301801
1.650069 1.618902
1.752064 2.846136
2.436186 4.461406
2.285849 2.539613
1.239604 2.103647
-0.349341 2.836710
2.370317 4.200515
-0.001529 1.975392
-1.493247 -0.773169
1.380217 1.502294
1.148986 2.904462
0.411553 2.970876
1.149175 2.785643
2.385252 2.112412
1.344876 2.497062
0.712487 0.051243
1.104697 3.139639
-0.658984 0.408452
-0.488931 3.586721
-0.069174 0.899043
-0.144289 0.956514
3.207481 2.514541
1.570934 4.934692
1.988219 3.135825
0.710701 -0.184366
0.268158 -0.081866
1.797066 3.842622
1.409443 2.553914
0.575828 2.669112
-0.792728 -0.453079
3.088428 2.136985
3.020387 3.452845
-0.070357 -0.859075
2.247844 2.635818
0.705271 2.445200
0.380651 0.388620
-0.038331 1.036141
0.542606 3.303666
1.166307 4.007001
-0.434831 -0.101832
1.114734 2.563481
-0.536363 1.424433
0.828398 0.459510
0.042851 2.757745
2.255116 1.935255
0.297454 2.466905
0.774712 0.243211
1.427502 2.185237
0.792315 2.807751
0.422698 2.352653
-0.765890 0.458412
0.605923 2.516960
2.141001 1.585454
1.418822 0.730432
-0.159383 1.836663
1.955720 3.453668
0.861742 2.487688
1.739805 1.090373
1.151748 2.864598
-1.319969 1.041449
-0.066359 1.505147
2.596888 2.416452
0.809880 1.562775
0.388230 3.023554
1.272473 1.423535
1.574343 1.286013
0.273021 1.864675
1.305988 2.822609
-0.267448 1.126917
0.316648 3.768817
0.374413 2.892175
1.188578 3.653641
2.916594 4.478453
1.596474 1.962505
0.088631 -2.119241
-0.678493 2.824241
0.216285 0.932045
2.493947 5.334513
1.521545 2.639581
-0.087397 -0.023337
2.332717 0.927857
0.154316 0.845582
0.963428 1.792557
0.298225 2.322887
0.987086 0.765665
0.314460 3.520756
0.257656 2.831351
0.257430 1.110619
3.034339 0.256318
-1.005902 0.901804
2.023107 2.860392
0.536734 2.843182
1.551152 1.581192
2.034414 1.477132
-0.466799 2.181152
1.740570 3.560622
0.745275 1.270388
-0.030599 2.098042
0.968095 1.811330
0.907944 2.081263
1.307973 2.223659
1.403648 1.000584
0.694583 0.588526
1.748379 2.558952
1.307784 2.672044
2.274122 0.997411
2.423835 3.529195
0.509437 0.623997
0.723402 3.408672
2.070125 2.233155
3.027250 2.257419
2.297419 3.889319
0.999076 1.727707
1.211657 2.151421
2.609454 0.333741
-0.122569 -0.517632
0.754059 2.461974
0.208150 0.568031
2.397067 3.011641
-0.250427 1.946075
0.478797 -0.687390
1.060456 2.985986
1.330186 2.945456
0.603019 1.167971
-0.016279 2.558721
0.668799 0.282076
0.674229 3.558473
-0.185146 1.137784
-0.338219 -1.194459
1.203908 0.242441
1.694576 1.532210
1.533736 2.755443
0.999863 0.426324
0.373540 1.208853
-0.658805 2.217119
-0.009229 0.684409
0.378751 0.596511
0.702468 3.395160
1.243113 1.436097
1.220733 2.368850
1.818476 2.761983
1.340453 2.557549
-0.401057 0.769383
1.776808 1.756070
-0.083954 0.179188
0.517236 3.930625
0.250696 1.502930
1.618081 0.747169
-0.778909 2.630805
1.575176 3.075081
0.235268 0.259649
0.110563 -0.589819
-0.367501 1.869357
0.130384 1.943573
-0.272249 1.648873
0.051235 -1.332735
2.131688 3.293777
0.764479 2.509226
-0.107441 3.010257
2.135382 2.928326
1.560841 1.141005
1.335338 1.003773
0.408111 -0.176142
1.626455 4.423450
0.307060 1.086990
0.168117 0.522010
0.347921 -0.415588
0.499903 3.412795
1.482538 3.389008
1.860262 1.548481
-1.041654 2.243410
0.496695 0.970935
-0.485972 0.515900
2.163908 2.060224
2.566667 1.053949
0.310784 0.488713
1.831341 2.407027
1.517213 1.768574
1.354812 1.832564
1.889054 3.011863
1.720244 3.302332
1.206011 2.643767
0.239878 0.426464
2.488459 3.860924
-0.025159 2.264118
0.893835 2.267854
0.636706 4.711608
1.990125 5.871133
2.178154 4.484059
2.287658 1.147711
2.402609 3.371700
-0.422770 2.535403
1.360529 3.348182
1.008790 1.875067
0.368704 4.997941
1.181937 0.960965
0.684335 1.511883
-0.239814 -0.035586
0.193499 0.691129
0.033414 1.029687
0.099404 1.019978
0.865721 3.233736
1.196867 2.019373
0.015824 1.623581
-0.553960 1.224855
-0.056845 3.391181
1.605315 3.804423
1.861523 1.007285
-0.425527 1.994786
1.347898 3.228362
0.543841 1.135314
0.064082 0.049708
1.279574 2.002146
-0.394050 1.025590
-0.381837 1.228086
0.613104 1.678605
-1.324923 0.284357
0.183072 -0.655113
-0.346970 0.184450
-0.789898 0.529991
0.106862 0.640420
1.033786 0.005615
0.677327 1.520352
3.190504 6.546910
0.820236 2.442028
0.102946 0.428721
1.700419 1.857155
1.610824 3.343842
0.047802 2.187781
0.874367 3.043059
-0.183829 4.075656
0.619103 0.176911
0.669850 2.022630
3.096055 2.289303
1.670519 1.932965
-0.190034 0.576173
-0.453412 0.439744
0.277079 0.924552
1.336046 -0.856201
2.865813 2.324848
0.377997 0.283880
0.819631 2.059577
-0.594714 1.441993
2.200940 3.263677
1.585405 2.326508
1.875053 1.870125
1.728943 2.250528
-1.091037 0.223102
2.118515 3.319225
0.930216 3.494441
0.381108 0.686390
0.536141 1.635747
2.084839 1.850586
2.900486 2.647382
2.013497 2.103079
2.809081 5.091289
0.454236 3.005137
-0.529307 0.154182
0.605019 3.464943
-0.083556 2.193784
-0.111875 0.167815
0.620089 3.229870
-0.502496 -1.130190
0.090774 1.844584
0.886129 4.287252
1.109070 0.290442
0.204826 0.567389
0.731135 0.283780
0.967197 2.337511
0.638249 -0.426571
1.699170 2.231656
0.090724 -0.431525
1.452957 2.232189
2.501357 2.732131
2.669062 3.256905
0.475080 1.932353
1.500163 0.382977
0.019990 2.192886
1.468442 3.384245
-0.672118 1.173433
-0.725290 3.381183
0.079249 0.033976
-0.834981 3.266406
1.500206 2.382927
1.070654 0.380387
1.988122 2.399248
1.307159 1.283199
1.650277 2.500911
0.013047 3.320900
1.867392 2.163232
0.972329 -1.074246
0.341993 2.456068
2.138217 2.037511
1.745831 2.729018
0.812421 1.896467
1.276606 3.087731
0.623916 2.871514
0.153073 1.234506
1.209438 2.175776
0.728619 1.981736
0.610067 1.825268
1.362175 3.400850
0.522981 2.588634
0.673007 1.153131
2.666709 2.697284
-1.271924 0.913848
0.233972 0.842158
-0.270006 2.360158
3.036860 1.412089
0.743418 1.839497
2.637655 1.667490
1.178527 2.266169
1.061727 1.781198
-0.177460 -0.179846
-0.073345 1.588414
0.929149 1.167851
0.376765 1.898980
3.067488 4.116297
-0.142580 2.811672
2.391338 2.743138
1.424844 2.382748
0.659218 2.272044
-0.034397 1.735341
0.252136 3.623339
0.321562 1.760000
-0.350068 3.640848
2.524715 2.671693
0.185510 1.176446
-0.217229 -0.489951
1.016934 2.833589
1.020070 1.901859
-0.383356 2.031042
0.525489 0.678797
1.243286 4.248194
2.286711 3.759266
0.648942 2.337273
1.921961 1.945913
-0.618785 1.740004
0.593738 1.567302
1.171995 3.754131
-1.418351 -0.823648
1.224569 2.040811
0.376373 3.560702
-0.111658 4.210163
2.175276 2.796791
1.294379 2.749903
0.246737 1.916398
0.631759 0.142800
-0.441353 0.310246
-0.053002 1.559292
2.365606 1.969043
3.005810 3.022417
1.759064 3.253170
0.263000 2.770639
1.343432 0.421795
0.457385 1.115830
0.295114 1.285014
1.988310 4.276495
2.993457 3.479091
1.275608 0.808149
1.982807 1.703417
0.303809 0.684050
0.732026 1.345301
0.661191 3.070512
2.326360 2.874941
0.552432 1.108581
1.023475 2.858949
1.604403 3.147576
0.570017 -1.362356
0.071924 1.234946
0.779365 4.856988
0.282546 2.159922
0.456385 0.641724
1.874365 2.000754
0.888521 3.349427
1.821241 1.937638
-0.362134 2.107924
0.902576 1.787648
-0.243170 1.358404
0.986781 1.595747
-0.174063 0.947239
1.321668 2.029638
1.830261 3.417240
0.572788 3.111306
1.164845 1.113294
1.857478 2.294499
1.655078 1.771934
1.046492 0.884574
-0.655762 3.220327
0.551302 1.993271
-0.991094 0.886795
0.624923 4.491290
1.881697 2.814727
1.473698 2.217738
3.426636 2.944133
0.807098 1.570355
1.707476 0.943105
1.108718 2.389327
0.062548 3.972039
1.031253 -1.222898
0.429869 3.124198
0.077911 2.638661
0.397150 3.438621
0.799475 2.418831
3.643559 3.611226
0.471127 2.927536
0.308238 0.614344
0.276317 -2.373759
0.998675 2.182470
2.147681 1.931990
-0.160914 2.985097
-1.454642 -1.542539
0.914386 0.369013
1.996406 2.458162
-1.414512 1.198780
1.770763 3.480415
2.250660 3.234763
1.174245 3.284306
-0.959665 1.092043
1.020023 1.978260
1.564293 3.357116
1.831915 2.021359
1.708987 -0.074539
1.733309 4.943643
2.125409 3.812075
-0.198376 1.756596
2.034461 2.033047
-0.757061 1.455949
1.053415 3.357848
1.326885 3.656600
2.095704 3.972215
0.021671 0.248053
1.181910 2.907020
2.335198 1.994352
1.393706 1.319868
1.755568 -0.048127
0.968257 2.816472
0.404635 3.380667
2.007084 -0.386344
1.605638 0.765157
2.088412 5.086387
0.546260 1.153012
1.054718 3.700742
2.045839 1.720122
-0.064940 3.033487
1.566074 1.516496
1.473664 2.978468
2.552587 1.341721
2.968173 1.507362
2.309237 3.804973
-0.125449 1.217684
-0.636470 1.403573
-0.341770 2.061913
1.724688 4.927282
0.470288 0.612974
-0.071923 -0.418253
0.811849 0.982781
0.895674 3.700980
-0.361697 -0.129045
1.024954 2.149940
-0.089895 2.715995
0.164538 4.597980
1.902890 2.907999
0.464773 0.911811
0.301454 2.040322
2.499984 3.016698
2.027679 5.175239
1.434861 0.148528
1.311866 4.077764
0.092431 3.436881
0.318662 3.098268
1.785289 2.833907
1.060228 3.384550
0.458878 -0.701574
3.070724 2.140635
0.410391 3.165244
0.331838 3.427271
0.505332 0.473107
-1.386053 1.800852
1.523198 1.515834
2.057306 0.393131
1.536958 4.463260
-0.201684 0.891463
-0.244185 2.482874
1.871989 0.025633
0.361455 1.863051
2.154217 5.400977
-0.134162 1.619546
1.536682 3.889145
0.036517 0.658430
0.465547 3.033861
0.322460 1.218215
2.252349 3.605242
1.800707 2.259203
1.194042 2.592297
2.287577 3.450373
0.042056 0.488168
-0.715419 1.331875
1.436124 1.459231
1.060673 3.256849
1.068095 2.136005
0.074389 1.910269
1.707953 3.378855
1.498799 3.327043
-0.322319 1.898856
0.955830 2.968276
2.208846 1.596685
0.907451 4.682046
3.025724 5.287970
1.071908 5.325101
0.753529 -0.252740
-0.281685 1.685484
1.020760 1.583078
1.597381 1.295208
2.886835 4.858914
0.189641 2.043362
0.789778 -0.808458
1.077486 2.977244
1.335380 0.804711
1.430105 4.245993
2.479947 1.027232
1.710909 2.780483
0.440154 1.564497
3.403209 2.932448
0.449295 2.501456
1.424642 0.967731
2.492280 2.849576
2.560005 5.399264
-0.008879 2.417358
0.828200 1.193464
0.226015 1.124943
0.860614 3.243470
0.844987 1.697775
-0.272766 3.377944
1.379000 3.177570
1.420206 1.817492
0.805388 3.189232
0.554115 -0.205462
0.661782 3.660016
-1.216497 0.463694
-0.173545 1.905149
0.089233 0.808498
1.151560 2.464172
1.223065 4.473313
0.580446 1.204811
1.584045 2.623868
1.252339 1.096190
1.853680 2.213179
0.960390 2.262266
1.094451 2.175570
1.620951 3.933721
1.030637 3.722712
2.069899 3.772531
0.377996 1.606996
1.459274 2.008012
0.849952 3.841216
1.434595 1.187982
0.164039 2.098090
1.798270 1.800590
-1.407227 2.138078
0.307574 2.279530
3.164267 2.921700
2.655447 4.360606
1.068960 3.329436
-0.009023 1.843575
0.416925 -1.123758
0.316179 0.668088
1.560917 0.739469
2.645157 2.759702
0.864487 0.986071
0.947058 -1.199700
0.840975 1.438415
2.249174 0.563073
0.720397 1.449382
1.315566 2.343839
-0.003160 3.737325
1.736068 0.593266
-0.244667 1.170908
1.457056 4.030431
0.062738 1.271144
4.121677 5.434120
1.249656 2.120367
0.188130 0.259214
0.799454 1.178442
2.275517 4.108076
1.015694 1.420174
-0.561960 3.156810
1.805127 1.591712
0.801388 1.430138
0.058576 1.734459
2.403235 3.833192
1.196817 3.618743
-0.066189 0.853038
2.652916 4.720313
2.110566 1.877465
-0.314589 2.824219
1.228097 1.451823
1.781065 2.197626
0.240570 -1.301763
1.406169 2.421287
0.879105 1.505574
0.786746 2.680912
-0.036987 3.144756
2.345932 3.066398
1.480862 1.693316
0.959518 3.958590
1.200348 -0.028779
2.420434 1.965140
0.770468 3.395992
0.309694 0.653761
1.402524 3.318098
1.905701 1.284690
0.615871 1.504945
-0.283539 0.517971
-0.713900 0.181828
-0.132176 0.813953
2.535132 3.752893
1.989749 0.202720
-0.170448 1.710743
0.811588 0.017264
1.310644 1.751845
0.338548 1.547452
1.330395 3.771652
0.283043 0.173257
-0.112185 1.098208
0.039991 2.991939
1.612094 0.723810
0.568074 -0.621046
0.616130 2.527680
0.962812 1.368561
0.024286 3.730115
0.461091 0.377798
1.655841 2.369674
1.993576 2.983863
0.969714 1.981824
1.229790 1.905518
0.225424 0.170934
0.518841 1.026476
0.593547 2.724175
1.523726 3.711047
0.752303 2.069409
2.145626 3.054204
-0.021616 2.226899
1.302270 4.814868
0.353945 0.907203
1.026423 1.896941
1.120959 0.450071
-1.145865 -0.274836
0.792036 2.080346
0.306955 2.298304
2.967839 3.704960
2.046362 3.111009
0.834662 0.648283
0.420171 2.519162
0.782808 1.237726
1.240101 1.708279
2.021223 -0.508313
0.909752 0.556625
1.839270 -0.026405
0.702647 1.386491
2.155021 1.343292
0.554744 1.178030
-0.109374 1.794754
2.140757 0.731367
1.933067 3.452924
0.479352 2.953180
0.410287 1.470158
2.381378 2.429621
0.695667 1.621015
1.195425 2.892630
2.158825 2.692913
1.032976 1.020469
0.044836 0.468407
0.726894 1.216217
2.157780 1.785652
0.296215 1.063432
2.141164 2.766714
0.841872 1.116725
0.031530 2.653829
0.107301 1.156541
1.909458 2.955471
1.332341 1.620380
1.270755 3.025329
-0.482331 -0.436934
2.194399 0.570076
0.868841 0.962085
1.416051 5.177420
2.342473 4.883581
-0.163861 2.372007
1.428560 1.965873
-0.329313 0.709407
-0.922920 0.708250
2.290020 2.972751
1.076565 4.022828
1.431129 3.091890
-0.005164 3.394568
1.353999 0.633572
0.211493 -1.319908
1.483818 1.768301
0.136304 -0.079250
1.374908 2.507360
3.722350 1.548871
1.832164 2.993094
0.530952 1.109735
0.764932 2.297098
-0.517192 1.021571
1.109342 3.893253
2.057745 1.068742
2.156835 2.148668
0.364453 -0.241441
1.367585 0.012889
1.306387 3.892319
1.056086 1.581998
0.294526 1.742150
0.275933 0.794860
1.004354 2.407763
0.581262 1.536477
0.572209 1.978725
1.532017 1.045920
1.714409 1.908573
0.944429 3.948731
1.310583 3.147720
2.248180 2.882264
0.415764 0.562201
1.370624 2.500667
1.500828 -0.562067
0.755537 3.183277
0.764739 1.511063
0.980404 2.041962
0.244455 4.440066
2.472642 3.494136
1.005147 3.508725
0.235605 2.913537
0.677143 1.376174
2.457794 2.651090
-0.784883 1.166643
1.521725 1.776122
1.851512 2.119444
1.745304 -0.105930
-0.372767 1.392822
2.792015 2.694068
0.695057 -0.289204
1.289869 1.389851
0.380798 -0.079888
0.951338 2.209573
-0.371756 -0.078395
0.634713 2.365648
0.196408 1.390297
0.726699 2.522878
1.340093 3.133848
1.060080 0.571037
1.951579 2.253377
1.107335 -0.194332
-1.726866 -0.524868
0.507652 1.768602
2.117860 1.793242
2.049753 3.654087
2.984414 1.371853
0.258128 0.746493
2.339766 4.699388
1.170582 3.111760
1.706969 -0.172145
1.316718 2.060069
1.432067 2.344884
1.226897 0.553330
0.560112 4.312408
-1.377782 -0.102697
-0.239086 2.399814
-0.545948 2.579556
0.521058 2.454156
-1.463869 1.006082
1.349143 2.924138
1.971300 1.142432
-0.491409 -0.099073
0.879778 1.514827
0.490124 -1.281522
0.525559 1.237268
1.800878 5.624314
0.774665 2.342703
0.427431 2.090990
-0.101194 1.178639
1.104934 1.914441
1.292992 1.188811
1.106292 3.871694
1.353202 1.692110
1.732304 2.786852
2.027989 1.322532
0.410726 0.534775
1.087843 1.239123
1.456941 1.353229
1.053186 0.052321
1.343100 2.090847
-0.022545 -0.442124
1.624151 2.420424
0.515843 2.413916
0.820610 2.832673
2.948165 4.166419
0.917717 4.273876
1.304505 1.044232
-1.473298 -0.355814
1.887656 3.965959
2.604074 4.685064
-0.155796 0.832496
0.776442 0.989359
0.257986 0.953932
-1.006374 -0.927589
-0.358355 1.653540
0.955917 2.847017
1.021041 5.074591
1.691082 1.861491
0.657595 1.614251
0.666879 2.323947
2.554673 3.151143
0.270555 4.633048
0.191656 2.044157
1.505628 4.930731
1.558756 3.443007
0.966211 3.942705
1.018102 0.706945
0.318595 3.694828
2.224207 1.442051
1.207561 3.857499
1.752666 0.831966
2.121654 6.195672
1.709923 3.281220
-1.072864 1.279689
2.078494 2.321110
0.461378 1.819964
1.097973 2.225266
1.170321 2.254153
-0.711963 1.586981
2.518897 1.355735
1.309340 1.604198
1.699090 2.951661
0.860465 1.994013
1.521841 1.740497
0.966750 2.920154
0.728845 3.062545
2.063889 2.094597
0.934412 0.652534
-0.092966 2.859787
1.568189 1.945684
0.227981 0.821434
0.385258 4.023171
0.449515 3.152612
2.115786 1.356829
1.141285 4.368718
-0.110072 -0.779497
0.674525 2.615018
1.593813 3.686691
0.821401 1.586525
0.513709 -0.375109
-1.142629 0.075700
-0.195412 0.665922
0.986653 2.848555
-0.808717 1.039165
0.521531 1.786068
0.486432 3.018039
0.314295 0.798827
0.058476 0.451818
1.843315 2.051009
-0.692578 -0.619105
1.725679 0.801932
0.702507 1.536359
0.728503 0.850988
1.631042 1.179005
1.491782 1.736370
4.122440 5.253194
-0.398802 2.951805
1.788662 2.709706
2.095374 2.832038
1.684043 1.332311
1.206545 0.747762
1.623154 1.419769
-1.781841 2.082959
1.791200 3.654856
1.375214 3.304105
1.938065 1.972463
0.666285 3.143152
1.063804 2.086508
0.919563 0.482527
-0.472827 2.684636
2.624437 1.912416
-1.049825 0.189141
1.043365 1.238953
0.250985 3.164089
1.741135 0.742880
1.074343 2.442610
-1.171864 1.145426
2.376923 3.597750
0.245964 2.410656
-0.443598 2.622799
0.227272 3.009128
1.604108 1.795151
0.647177 3.255009
-1.785748 0.750476
2.446397 4.349419
0.662922 3.624629
1.991014 3.696726
2.084178 2.092021
1.461437 2.566228
1.096456 2.136568
2.429331 2.999806
-0.435128 0.428325
0.342288 1.775169
-0.286464 1.339354
0.528498 3.545962
-0.484968 1.550657
2.322268 0.363662
1.170779 0.898783
1.536532 2.611305
1.601337 0.748821
2.685771 2.412747
0.341486 3.136590
-0.388992 2.117373
-0.116605 0.926633
1.548996 3.255897
1.172928 1.300585
1.279655 0.903387
1.223484 3.055040
0.702257 3.167389
-0.720469 -1.378626
1.198755 3.077138
2.604307 0.760319
-0.184569 1.912862
2.010721 4.697024
2.377395 2.988023
0.159152 2.717120
0.973390 1.192526
1.262225 0.878139
2.099483 0.476685
2.095342 3.717198
1.128534 1.448650
1.136060 3.332321
0.457030 1.861591
1.189834 0.583299
-0.768144 2.233475
1.526076 2.871940
3.303923 3.255969
2.125960 1.446587
-0.491096 -0.505341
2.299364 3.992480
-0.664135 2.191320
2.268164 5.462874
1.055618 3.483642
-0.491650 1.063115
-0.098669 -0.629760
1.200056 1.525525
1.961091 5.119141
0.227244 2.192484
-0.126383 2.016759
0.333346 3.887897
1.738423 1.216660
1.894381 1.811366
1.078210 0.508493
2.450819 4.319313
0.880344 4.335606
1.625910 3.789545
0.053629 -0.249781
1.281194 3.129777
1.234343 1.501115
0.543193 2.039852
0.640418 1.065843
1.661302 3.466095
1.905568 1.156511
-0.170452 1.934991
0.460831 3.915563
2.376459 1.325747
1.605751 4.105657
3.028369 1.270712
0.647773 0.117115
0.823440 2.992750
0.795772 1.362972
0.840977 4.174977
2.152518 3.315205
2.035951 3.803360
5.090420 2.801930
2.345745 1.798591
-1.118542 3.710297
0.335865 2.483195
1.270397 0.147032
0.292043 -0.344445
0.672701 -0.414557
0.909546 1.617299
0.554539 5.284619
-0.811624 -1.334196
1.023864 2.197184
0.016541 4.044814
1.300767 3.440420
-1.510128 3.640137
1.143755 -0.240497
0.825810 1.811568
1.364012 1.292964
0.467079 1.032916
-0.092485 3.161107
0.836574 1.135266
1.227203 2.490934
0.106691 3.145004
-0.094972 2.149047
0.558301 3.648613
-0.703354 0.324117
-0.829196 2.298405
-0.885901 -0.942514
1.320483 2.842260
1.172850 2.637157
1.059127 1.499990
4.228931 4.420851
1.450621 -0.908880
1.635820 4.741359
0.809666 0.664294
-0.622880 1.756922
2.309325 3.464856
2.165015 0.425672
1.451996 1.599659
-1.037243 -1.198309
1.686794 3.372732
1.336504 2.271937
3.132978 4.671948
1.063399 0.720565
0.308311 2.837369
0.061681 1.862164
0.696098 1.644416
0.562152 3.260032
2.077728 0.524428
3.262825 2.396353
-0.226318 0.850062
0.809928 0.725854
0.787111 1.236005
-0.787013 4.115123
1.175417 2.832830
0.495503 2.101193
0.388766 1.950546
2.181857 2.243500
1.659468 2.472834
0.272781 2.545739
1.867582 2.259684
0.630409 -0.144263
0.380793 2.523211
0.984311 0.063890
-0.015162 1.835976
0.594847 2.756566
0.483230 1.112434
0.717069 2.481442
0.879141 4.237600
2.973702 3.135299
1.771572 2.219421
0.509014 3.396043
1.941053 1.672830
1.823520 4.609817
1.953702 4.988970
1.049566 2.319945
-0.343093 2.133660
1.620561 0.984723
1.364494 2.073088
0.002843 3.803085
2.872243 3.334213
0.653516 1.632955
1.834770 4.883472
-0.016144 0.924258
2.407223 2.622313
0.730234 1.836643
0.469135 3.759321
1.850774 3.366182
0.765783 1.312050
2.702883 3.841649
2.835294 2.256222
1.121325 4.534331
3.480164 0.270010
0.402290 2.256748
0.162844 3.051554
-0.276183 1.407076
-0.240968 -0.190786
1.421655 3.447983
0.587715 1.107417
1.760768 3.363374
1.305727 1.811410
0.367431 2.473761
0.554902 1.531139
0.143540 2.758425
1.209875 1.304569
0.761127 5.038545
1.827286 4.107285
-2.028467 1.507394
2.829329 2.060296
-0.124094 2.466269
1.828350 1.984405
-0.857286 3.388168
1.660307 3.315797
-0.207393 3.237293
3.340694 2.936554
1.036360 1.387631
1.099737 2.394496
0.205255 1.028391
0.617875 0.865808
1.033224 3.771065
1.023796 0.687097
0.826593 2.227233
-0.333540 3.509241
-0.170324 -0.089623
1.432066 3.754774
1.428045 2.092389
0.156710 0.340715
2.729596 1.298102
1.024254 2.817406
2.463596 6.613905
0.302988 2.634257
2.602351 2.255961
1.257641 4.899169
1.654208 1.396508
-0.275749 0.928913
1.084527 3.259383
2.880433 0.075459
1.023982 0.634472
1.081810 2.268705
1.941253 3.030177
1.704790 1.073485
0.912590 2.243122
1.299299 2.338863
1.739699 2.421535
1.006165 3.195525
-0.020533 1.037168
2.139319 3.053526
1.227639 1.378993
1.069239 0.590431
2.137207 3.093674
-0.785938 -4.072940
2.209321 1.984970
1.170758 1.288073
1.505199 2.797490
1.954626 2.907672
-0.593766 2.643119
2.927178 2.252552
0.865401 2.026199
-1.271942 0.334506
-0.641519 3.479066
2.272724 2.462523
1.180104 0.893831
0.946078 4.132399
1.311309 -0.213499
0.023977 0.656163
1.365026 0.936947
0.489858 0.881676
1.261561 1.338580
2.600499 4.686303
1.631450 2.689910
2.404122 6.138086
2.178258 1.905989
1.100290 1.947864
0.829326 1.858284
1.710914 3.969044
-0.167911 1.714218
0.870129 1.860466
1.541625 2.061072
1.556763 4.046846
0.391520 2.278693
1.227855 1.748224
1.007572 2.155446
-0.156629 4.362912
0.083093 3.552994
0.566281 1.278029
2.068280 2.160680
1.725006 3.042462
2.324311 1.467973
1.880533 2.112010
1.336122 0.708688
1.031712 -0.463045
1.205854 1.541789
2.307115 2.495944
1.268599 2.830842
2.024075 2.384034
0.966232 -0.329398
-1.090792 1.767150
0.683941 0.851783
1.132936 0.418353
0.334971 3.418917
0.953249 2.597934
-0.504244 1.316486
0.326673 1.883168
0.199592 3.842694
0.771795 1.199709
1.460141 1.458321
1.566435 0.118800
2.046659 3.968729
2.008541 3.212181
0.564374 2.393190
2.534746 1.425562
1.093346 1.549267
0.011651 1.783080
0.056976 2.249497
0.043981 1.021647
-0.286460 -1.170387
2.295893 1.382327
0.737201 2.173496
2.012504 2.255921
0.486506 3.805943
2.428658 0.332369
1.347241 0.252505
0.055492 1.907589
1.797870 0.657341
1.603852 3.763443
-0.559434 2.066501
-0.395705 1.031081
1.138693 0.335518
0.297861 1.812058
0.479511 2.671233
1.764116 2.846666
1.298530 1.655823
2.052731 2.283468
1.295777 3.822298
2.458712 4.071084
0.647812 2.560938
1.141266 0.300350
0.936209 -1.483504
1.132784 0.881428
-0.091660 0.215116
1.695450 1.738343
0.361221 0.859333
-0.011627 2.313219
3.562975 2.382309
-0.036510 3.689545
-1.296182 0.693278
0.708326 1.930248
0.121566 -1.077780
2.808573 1.759449
1.508198 -1.034356
1.275957 1.587122
0.595239 2.712876
0.941684 3.800495
-0.809326 -1.060401
0.342398 -1.090538
2.100824 3.058260
-0.200270 1.584429
0.222514 0.313215
1.511240 3.068697
1.317962 1.990395
1.783643 2.921361
1.930434 1.912781
0.670590 0.699244
3.373097 4.461546
0.863138 3.390440
1.886041 4.343305
0.865057 1.335042
1.259380 1.470708
-0.453351 1.726733
1.372033 1.398805
0.704136 2.380943
-0.477041 0.289676
1.278737 1.869556
-1.316076 -1.028937
1.384539 -0.355518
2.016889 2.737151
0.381917 1.285507
1.428534 1.161220
1.317695 2.023014
0.332907 1.186786
1.086269 3.758421
-0.185249 0.858828
1.687187 3.981247
1.976506 1.484456
0.970808 0.828394
0.470929 -0.735543
2.987482 3.528585
-0.727989 1.622177
2.437031 4.833727
1.888840 5.511734
2.126884 4.348361
2.309524 3.098304
-1.511448 2.101385
1.470428 2.373130
1.038762 1.843324
1.038273 1.248681
0.275373 2.594016
-0.622326 1.614362
0.033555 0.071156
1.372457 2.928088
1.059675 3.313979
1.589169 2.291456
1.781759 2.557234
-0.111051 2.015730
0.985032 0.982792
1.504814 1.264360
0.173953 3.498412
2.461065 4.067368
1.878441 4.042195
0.621400 0.948248
1.092152 3.439769
1.620839 3.567013
0.345524 2.833129
-0.886018 0.738992
1.429513 2.368790
1.070602 4.824851
-0.210497 2.048903
2.364490 0.661368
1.524157 2.036130
0.949167 -0.620874
1.569643 3.253309
1.098804 0.956467
0.389572 1.562008
-0.713537 1.717835
0.571389 2.187394
1.347235 0.279043
0.015062 0.603417
-0.017565 0.150627
2.353126 1.985912
1.681853 4.932394
1.722091 2.732099
-1.148557 -1.026759
0.449050 2.650751
2.213325 2.141467
1.339186 3.347700
-1.044572 0.481053
1.887617 2.525011
1.089337 3.699083
2.052579 2.959215
-0.746475 2.924076
1.905795 2.194975
0.573070 1.603122
1.443051 2.782615
-0.996242 0.462123
1.530120 2.741632
-1.386816 1.560264
1.318514 1.661372
1.005663 0.691290
1.063688 1.453764
1.861029 2.044142
0.597895 2.657294
0.589966 1.829519
1.195020 3.360250
2.394130 1.700657
0.532247 2.363553
0.287500 2.736964
-0.444771 2.025932
2.597582 1.794115
1.716741 3.066553
1.418968 1.435160
2.439808 2.728653
1.226908 1.451832
0.315048 2.918407
0.628042 -0.549410
1.667490 2.586833
2.963945 2.786033
1.707299 0.955949
0.738771 2.034463
