-0.543796 0.929946
-0.551802 0.853319
1.867078 4.162173
0.854627 1.551121
0.613758 0.759545
2.316204 2.976411
0.203536 1.476563
1.135441 3.117072
1.417806 3.478122
1.819880 3.848042
0.145647 2.428947
1.357319 3.015445
3.748467 5.892031
-0.512977 -0.291058
1.433979 1.757543
0.770232 -0.357244
0.172914 2.802690
0.168017 1.612492
1.497900 1.852960
3.315626 0.881123
0.206174 1.845745
1.540960 1.926886
0.440939 -0.071748
2.976566 1.457131
1.544660 1.264317
0.862094 1.599932
1.619876 0.128829
0.994417 1.756458
2.107199 3.368077
0.814410 1.408912
-0.121418 0.515877
1.246450 2.525541
2.561037 4.237110
-0.196622 0.810882
0.757655 1.261425
2.004828 0.603002
-0.920126 -0.253460
1.625446 3.114246
1.752960 2.226129
1.213484 3.118162
0.229766 2.501074
0.992865 2.493548
1.093187 3.060780
1.935251 4.482989
1.663518 3.094826
0.649767 2.388393
2.619877 2.753146
0.949167 0.331224
0.187303 0.925663
0.561580 2.211851
1.858610 0.959030
1.195216 2.716958
1.888862 2.871208
1.069222 2.166927
3.486821 3.642171
-0.665643 1.198694
0.584072 1.762860
0.915775 1.946302
1.089252 3.274180
2.456147 2.608443
1.219454 -1.384181
0.885123 1.299445
1.068602 2.293545
1.751495 3.645341
0.310573 3.481284
1.450814 0.979967
-0.565025 2.224022
0.921204 2.275341
0.058208 1.253452
0.347138 1.706296
1.282529 2.104104
-0.125079 1.623138
0.011026 1.819810
-0.515859 0.353695
-1.228510 -0.496660
0.848478 3.201828
2.162744 2.290662
0.818064 3.780287
0.766046 0.660439
-0.046734 0.690659
2.583319 4.671830
0.750587 3.737383
2.294019 1.285769
1.361980 2.454180
0.736947 3.642597
2.082144 4.304091
1.982434 0.791461
0.888556 4.085188
2.295951 3.523248
2.781295 3.191399
0.934385 1.668783
0.744319 0.594270
1.404638 2.328016
1.351757 1.836253
1.807511 5.459772
0.744410 2.123630
1.715113 2.128165
2.048597 2.505740
1.177549 1.278198
1.153298 4.817383
-0.254324 2.215541
-0.172801 1.512675
-0.461442 2.755222
-0.244288 1.334032
0.844901 1.793142
-0.614914 0.456204
3.246065 2.308804
1.739281 4.492265
-1.067645 1.982801
-0.154551 1.537727
0.892808 4.201059
-0.712879 1.174825
0.540105 2.153743
2.091000 0.667150
0.836120 2.546788
0.932760 0.051757
-0.001592 0.191832
0.444339 2.978080
-0.351556 1.788847
1.364211 1.028186
0.547792 1.247223
1.783366 2.730916
2.237237 2.909685
2.077198 0.274576
0.965159 0.387515
0.496013 -0.597338
-0.224019 1.292093
1.118509 -0.217566
1.959474 3.408238
0.659070 0.499426
0.826682 0.449676
1.616301 4.676838
1.863919 5.292525
-0.416914 0.207741
1.199952 2.050964
1.195827 4.694724
0.848868 1.209729
1.892784 4.718436
0.635810 2.902409
0.173811 1.660353
1.276011 1.670865
1.459797 4.469725
0.782493 2.831878
1.796123 1.560993
-0.518023 1.760517
-0.074917 0.301108
-2.072166 0.660953
1.521407 4.287188
0.008976 2.208057
0.746874 0.868492
2.009265 2.964972
1.051012 1.102400
0.559567 4.451086
0.151531 -0.797076
0.759629 1.007368
1.602929 3.322002
-0.516254 0.156664
0.931651 1.989490
1.782393 3.257065
-0.420726 2.953416
1.669365 1.108271
1.683237 2.116891
0.117864 0.934968
-0.504509 1.096629
1.433139 2.705355
1.808256 1.585777
1.578938 3.347922
1.762849 2.945890
-0.182127 0.784102
1.583848 2.656974
0.419990 3.012005
0.438633 3.033074
-0.555896 2.106009
2.100208 2.464119
1.175058 1.267216
2.003611 2.798268
2.511008 2.138864
-0.137239 0.992071
1.643018 3.544924
0.987240 3.907855
1.914260 3.245342
2.107695 5.270069
1.820471 0.387228
0.182388 1.621207
0.873515 2.062807
1.264143 4.267889
4.158528 4.242386
2.226617 2.184908
3.320635 3.893477
1.414498 3.057122
1.211832 2.347506
1.613167 -0.375516
0.472223 3.089520
2.241601 -1.998075
0.842369 2.066026
-0.373602 -0.739020
1.870838 1.965651
-0.568533 3.065851
-0.844253 0.398610
1.288410 4.680395
0.049089 2.554285
0.089268 1.218604
0.838051 0.723765
0.511098 1.099532
0.777218 2.384019
1.272066 -0.999886
-0.168531 2.229385
-0.224234 1.757580
-1.099479 2.033517
0.609757 4.513475
1.664282 1.903867
0.297736 0.351732
1.501328 3.811173
1.540314 3.453579
1.990751 2.306296
1.989378 1.709601
0.311159 1.984866
0.143162 0.077020
1.048390 2.111630
0.335147 0.823678
2.452742 1.642529
2.379846 3.970405
1.095136 2.087716
0.572873 3.573769
1.510808 0.818266
0.343726 1.989704
0.874983 0.553524
0.469533 2.553253
1.105586 3.779191
2.128350 3.918127
1.742478 -0.427149
2.143603 3.473644
0.085286 1.554164
1.179802 2.532103
0.016652 0.784167
1.384829 0.008367
1.325698 3.343903
2.296310 1.977384
2.099229 2.113342
1.653223 2.549323
0.494927 5.103255
0.524006 4.796186
-1.051561 -0.770205
0.551695 1.148626
-0.551197 2.530585
1.929826 -0.277443
1.901940 4.096662
1.138287 1.652121
0.621592 3.661888
1.143064 0.907558
2.605039 1.582203
2.349116 5.736225
0.551558 2.553647
1.168411 1.674422
-0.120497 0.073269
1.400731 3.659961
1.739063 2.822099
1.900045 -0.544959
-0.531218 0.039456
1.504621 6.181289
0.135785 1.552327
0.623445 -0.833419
1.788010 1.219271
1.298206 1.593624
0.836258 2.836970
1.606733 2.088065
2.634499 2.951623
0.376506 1.664629
-0.350100 0.054557
-0.162241 2.970356
0.055721 1.044650
0.328789 1.051360
1.576681 2.546288
-1.085770 0.868553
1.235964 1.428062
0.221579 1.778927
2.099562 5.345042
0.144436 2.288265
1.007558 1.137182
0.062414 0.380929
0.318440 1.343188
0.739861 -0.214905
0.771205 4.300844
0.475187 2.007814
2.128319 1.025131
1.550139 2.434621
2.855147 1.017978
0.722701 2.631722
2.066631 2.293259
-1.099239 1.005954
1.638484 2.797914
1.371465 3.315091
0.625821 0.741683
1.695348 0.406949
1.877629 2.301373
2.033606 1.428191
1.419791 2.772093
1.601069 -0.152982
0.325982 2.798779
-0.095178 1.857731
0.732383 0.395734
1.186550 1.673605
1.950945 3.583860
0.209481 4.814653
0.510522 1.290813
3.974474 5.315401
0.377415 0.550167
2.920303 3.233842
1.961149 2.206081
0.442197 2.171216
0.893445 1.287782
0.784839 0.012091
1.473490 1.878544
2.365641 3.264440
-0.637804 0.511533
3.023729 2.767995
1.777789 2.920689
0.451098 2.438881
0.873989 0.966542
1.299580 1.794767
1.296171 3.299779
2.200783 3.037946
2.090173 0.761987
0.641297 3.868290
0.870072 1.119302
1.733738 1.442746
1.120332 0.176927
2.136331 2.423136
0.313227 1.520738
1.471683 1.808927
1.288342 1.033502
2.391855 0.499225
-0.345502 5.312394
1.000747 3.985799
1.053495 1.551846
-1.341905 0.677076
2.248095 3.098829
3.809232 3.388560
0.767815 1.129393
1.287032 3.379128
0.535396 0.261846
1.384318 4.781342
0.620172 -0.522447
0.898222 1.521380
2.618151 3.963407
0.152770 1.732372
0.424117 -0.276296
0.924087 3.181517
0.867528 2.149717
2.439310 1.641947
3.031263 3.549690
0.021798 2.511201
0.358976 4.569230
1.520476 2.136175
0.619300 1.420452
2.992852 2.328631
2.635870 0.268755
1.559019 2.969231
1.563638 -0.435912
0.661603 1.473840
1.763647 2.017990
2.127442 3.681743
1.141571 -1.595143
2.928134 4.178566
1.670638 1.648410
0.889889 0.234450
1.370962 2.173948
2.096595 2.856994
0.601837 1.239760
0.914537 0.013371
3.373287 4.782588
0.526079 2.024099
1.946341 1.538062
1.818162 4.018183
2.588971 3.280206
1.526012 0.586241
-1.465198 1.588973
0.147472 -0.801427
1.511735 0.856478
1.257775 2.329362
2.962447 3.525275
2.406315 2.796417
1.496834 -0.308737
1.082831 3.124483
-0.548478 2.894909
2.863160 4.475829
1.134027 1.312538
-0.546003 0.705921
1.433282 0.870703
1.102954 2.382468
0.429654 2.048357
1.493062 1.225960
0.292487 2.862688
-0.348025 2.453286
-0.754302 1.992145
0.636191 0.821356
0.372906 -0.084218
1.440150 3.082888
-0.502641 3.163167
0.791765 0.189206
-0.505125 -1.673722
2.809741 4.804663
0.883027 1.859929
2.226209 4.171196
1.494943 3.551183
1.908595 0.842270
-0.154219 0.851569
2.257556 1.524254
2.452532 2.963961
-1.076811 2.504467
0.823512 1.985818
0.347918 -1.104135
1.156534 3.712411
0.149774 1.578421
1.279046 1.531613
1.597094 -0.483694
1.244717 2.617010
0.881653 2.265170
-0.289408 1.803194
1.057564 0.602636
0.479067 0.773620
-0.279027 0.148300
0.943773 4.336597
0.790320 0.809868
1.192102 1.835826
1.992332 1.318617
1.576244 3.492929
2.305784 2.636666
0.270694 1.731672
0.135425 2.810444
0.905079 2.845795
2.383214 3.731346
2.303681 -0.169510
0.874188 2.228033
0.403126 2.979839
-0.520646 1.702676
1.671842 3.528910
1.022844 4.817491
-0.177789 3.062831
0.665422 0.346876
-0.829455 -0.012827
1.429990 2.053897
0.826007 1.062935
2.631242 2.711180
-0.359428 2.944926
1.970507 1.782322
1.143640 1.693339
1.082604 1.740208
1.716664 3.250642
2.193484 3.968352
-0.071062 1.266749
2.318902 2.239992
-0.210003 2.630028
-0.074115 2.419757
0.327440 2.309528
1.736462 6.689006
-0.069961 1.506956
1.334715 2.618822
1.411883 2.095440
1.154120 2.892509
1.554571 1.582777
-0.172846 2.746648
2.007587 4.923468
1.113520 2.169586
1.730051 2.274640
0.016488 0.762849
1.052032 1.399536
1.877599 0.185235
2.014141 2.436006
0.915652 0.791917
-0.853532 2.734622
-0.096821 1.657749
1.218628 2.181983
1.794246 4.247234
1.463124 -0.117400
0.387370 2.129776
3.244400 1.722726
1.072348 1.185076
1.865514 2.774642
0.584304 2.971752
-0.114938 0.335784
1.685252 3.074373
2.037673 4.448131
2.822212 1.779938
0.471012 0.423051
-0.627967 1.170540
2.617302 3.637976
1.264137 2.134052
-0.127146 0.356528
0.440824 1.872738
0.191155 1.869504
2.161004 1.992402
1.592105 0.813784
1.242748 2.697298
1.240477 2.142845
0.178500 1.109065
1.993112 1.661507
1.346395 1.511330
0.738866 0.722244
0.815287 0.531730
0.898265 3.623141
0.112957 1.237060
1.741377 0.083395
2.392208 2.050222
3.473900 4.639707
1.503919 1.540049
0.177519 3.939956
1.200982 1.069285
-0.007053 0.500386
0.386828 0.326707
0.341037 3.210132
0.166771 0.815977
1.378179 2.741129
-0.115343 -0.737936
1.667241 1.576042
1.795333 3.269748
2.037492 0.824934
0.979569 2.056092
1.618953 3.034945
2.803064 5.254196
1.052993 2.874575
0.822110 3.163426
2.772483 2.417606
-1.508804 -0.020105
0.543411 1.846413
3.430378 2.033434
0.528546 3.248642
0.439672 2.746161
-0.226467 2.660028
1.792950 4.064336
-1.109940 0.802267
0.200605 0.836795
1.566975 2.978834
0.998557 3.523178
1.623925 3.447491
1.126441 3.314100
1.680868 4.332857
-0.287416 1.746987
1.218085 3.701913
-0.566567 1.201046
1.783282 3.436052
0.689430 -0.012050
1.655324 4.367677
0.462533 -0.616715
1.328643 2.436380
2.054072 2.069043
-0.979699 -0.523040
-0.867388 1.510562
-0.832356 1.523338
1.848592 4.291151
1.405187 2.383646
0.297544 2.412902
2.499046 3.071098
1.137795 4.010444
-0.586821 2.702172
-0.019146 1.504520
-0.385234 1.471861
1.954886 4.831409
0.398880 1.382648
-0.171891 2.549072
0.422890 0.549491
0.163569 0.573825
1.852970 3.567839
1.477331 3.096293
1.302320 3.550885
1.415776 1.370255
1.042975 3.368161
0.051147 1.753010
1.541608 2.208002
0.178872 3.823965
-0.071905 3.365079
-0.074092 -1.514943
1.869553 2.906367
1.981051 1.365762
-0.758825 0.724319
0.851904 1.086920
1.251942 4.274952
0.389615 3.336589
1.760980 3.115057
1.254430 3.057749
0.847166 2.529676
0.442589 2.626120
1.677018 2.670934
1.849297 2.188510
1.469307 2.906312
0.760218 1.470151
1.920985 1.938790
0.093119 1.189729
1.144441 1.955635
2.396409 2.708826
0.810301 5.254401
0.156164 -0.040116
2.943438 1.553926
0.753078 2.202044
1.441619 2.153857
0.196389 0.632296
1.287609 2.576368
1.467018 3.229622
1.004562 0.476051
1.326090 1.623488
2.204587 0.898553
-0.404116 1.408505
1.205564 2.319468
-0.991196 1.907364
1.028409 0.577075
2.930515 3.358803
1.941137 2.280989
0.993076 3.837919
0.661758 2.236668
1.528266 1.553505
2.056900 2.225601
1.014741 1.298017
2.614761 4.711027
0.184145 0.915951
-0.997759 -1.124523
0.251809 1.359685
0.800696 3.413061
0.627240 2.691072
0.152629 1.793378
2.337238 5.030489
-0.616317 0.414372
0.508182 2.096764
0.030698 0.362022
0.525892 0.720630
0.333836 1.211399
1.478375 3.095904
-0.041058 4.196825
0.179341 2.646571
1.101130 0.633663
2.083983 2.270596
-0.854527 0.339277
2.799753 2.512349
0.121626 3.122113
1.647733 2.823113
2.049565 3.836512
2.323093 3.459838
0.482641 0.692431
1.024315 3.243514
0.837633 0.132421
0.394339 2.755191
1.271710 2.929101
1.358643 3.635052
0.647685 -0.054299
1.132360 1.796795
3.673582 3.360488
0.992434 2.128969
1.710303 3.514462
0.537461 2.695662
0.472122 2.598597
0.654213 2.063280
1.564558 4.499432
0.198461 1.169167
-0.852947 1.207333
1.053216 1.263716
0.563585 1.700398
1.280007 3.099866
1.084606 0.418682
1.729119 2.617137
1.900753 1.478303
-0.325638 2.380116
-0.524579 -1.362246
1.502433 -0.335699
1.306391 4.301934
0.060840 1.332756
2.237402 0.014927
1.033012 -0.214044
1.123568 1.946798
1.273939 2.543603
1.754166 2.823614
2.524498 4.173746
0.738024 2.309452
-0.730684 1.037449
2.013464 3.892784
0.072264 4.259752
2.243680 2.657152
0.410511 1.387072
2.491482 4.119514
0.194022 0.926015
-0.112599 -0.518230
1.956940 2.337600
-0.363052 1.642928
1.680585 2.533159
1.437824 0.739824
0.856732 1.138687
0.658467 0.930355
3.057811 4.292324
0.625465 1.639700
0.809797 2.763979
0.061268 2.322395
0.186538 1.338615
0.416381 -0.912160
2.709525 3.334885
0.609580 2.736028
0.309935 0.659375
0.551779 1.753510
1.714376 1.772921
-0.315731 3.592789
1.627122 2.273122
-0.331295 1.604110
0.869152 0.548453
-0.826896 0.113748
1.535922 0.473398
1.692865 3.310260
0.312450 2.459458
1.317576 1.063069
1.162842 5.901416
2.159116 3.795460
1.128388 2.601002
2.039458 5.054602
0.883229 -1.306955
0.351703 1.555386
0.962019 1.948361
0.800675 2.164828
1.881670 1.067274
0.943856 2.672214
0.158761 -1.353592
0.845156 2.064677
2.188595 3.174920
0.585093 1.738317
0.341383 2.152627
1.983991 1.481718
1.101227 2.777566
0.637294 1.323048
0.261172 -0.564275
-0.479842 0.849685
1.153372 1.256578
0.682983 0.486085
1.318918 2.827509
-0.456547 1.325268
2.321835 2.323941
1.487204 1.519015
-0.566626 3.434612
2.057060 4.080267
0.412422 1.456106
1.302222 2.265636
1.219462 4.110660
0.121799 3.933174
-1.861400 2.027930
1.535555 1.836722
0.657963 1.057990
0.402141 2.695327
1.418913 1.066843
0.310319 0.238524
1.671191 1.865661
1.150897 3.339959
0.008681 1.715050
1.836830 2.742443
1.474509 3.725158
2.252166 2.936466
0.107377 0.047512
0.104726 2.666348
1.313326 2.786804
1.667033 2.216588
1.828117 1.867663
1.006509 1.282839
0.764108 1.850296
1.652821 1.267431
2.964533 2.304702
1.884584 0.475605
1.084537 1.356170
0.425486 0.795687
1.499751 3.014037
0.515896 3.682688
1.238446 3.489041
1.778248 3.773941
1.924273 3.356679
1.588138 3.017146
2.377934 3.681109
2.851205 1.960116
-0.897665 2.153391
-0.778684 -0.474875
0.077359 2.357240
-0.997927 -0.100142
0.642900 0.537606
0.663599 1.231861
1.250426 0.401893
1.286162 2.164214
0.313831 3.126180
0.186686 1.263452
1.793403 3.052453
0.618055 2.023383
-0.371204 2.917486
1.010307 1.795722
1.204132 2.489630
0.588974 5.058967
1.663561 3.848105
1.225782 0.877533
0.787157 3.374924
0.955965 0.755346
1.458182 2.242197
0.558583 2.162088
-0.054947 2.623432
0.844416 1.396680
1.129148 2.776093
1.509428 4.595856
0.969876 -0.535781
0.542635 0.346914
1.596336 3.878926
0.886472 1.554379
1.807024 2.353008
0.910197 3.177349
0.993708 4.937687
0.908139 0.231824
0.078762 0.336899
0.073048 1.434001
0.038779 1.520065
2.784830 3.033771
0.799811 1.486554
1.940412 4.083647
1.349156 0.971342
2.859280 3.199476
1.927072 3.772849
-0.226964 1.882860
0.672761 1.013385
1.891646 2.605302
1.288186 1.724217
3.265195 2.339291
0.952110 3.766109
-0.551864 0.962578
1.444083 1.457417
0.088181 0.544037
1.049435 2.185048
2.078046 0.560211
1.308179 -0.023574
1.299639 2.404999
0.802782 0.195186
0.853578 1.397838
0.896929 2.974226
-1.798982 1.820399
1.393275 4.239866
1.990247 1.159598
-0.297633 2.484500
-0.521968 1.669329
1.621011 3.967326
-0.507523 1.537481
-0.679402 2.238703
1.788976 3.901802
0.345718 1.128216
2.244903 2.012520
-0.292264 -0.404298
0.385648 1.577072
1.241695 2.591058
1.549349 1.291594
1.467634 2.329105
1.191457 1.624251
0.770195 1.314023
0.420783 2.741346
1.480481 3.320136
0.613167 3.325647
1.421616 0.775541
2.087706 2.363780
-1.249332 1.741939
2.804480 1.191152
0.367940 4.232807
2.316458 2.966792
2.551592 2.054799
-0.468908 2.631828
1.176938 2.587374
4.466260 3.877661
0.785373 0.992882
1.486283 -0.092253
1.330885 0.890762
2.267902 1.779859
2.090514 3.143895
0.053549 2.339679
0.561501 0.741895
1.343221 3.267184
0.941597 2.853708
3.534975 3.101465
1.438645 0.960965
1.437518 3.398817
0.162324 1.409556
-0.307503 0.005534
1.794143 2.730816
0.802736 2.594006
1.649153 0.391022
0.168526 4.053285
1.895954 -0.394952
-0.813486 -1.069958
2.566683 4.402567
1.846501 2.853415
1.110155 1.487679
-0.161102 1.434789
0.602464 2.768676
1.254294 0.978861
2.207789 3.831734
-0.033542 2.405693
2.295147 2.587845
3.768123 3.637010
0.504653 0.920551
1.468766 1.101190
0.342703 1.157133
-0.716957 2.502110
2.470519 2.418139
1.694137 1.749628
0.489303 0.449203
1.113387 0.557284
0.770193 1.914360
-0.461733 2.645241
-1.882336 2.187932
0.952532 2.717314
0.537534 1.359947
0.423354 1.225383
0.154032 2.060703
-0.817236 2.331497
0.478269 3.027938
1.161436 -0.722355
-0.061811 1.407627
1.450494 0.946316
0.727202 1.240197
0.898546 4.244763
-0.429106 0.256871
0.235591 -0.609659
1.410138 2.439254
0.210067 1.440365
1.161637 1.531091
2.977904 4.152366
1.795266 3.146550
2.037367 3.015975
3.360330 2.813790
2.175395 3.050834
1.397740 1.813507
2.951249 3.221782
0.095344 2.310441
0.317848 2.108248
3.018292 2.119079
1.454343 1.516769
0.957896 0.602949
1.458167 3.548367
0.735856 1.833462
0.708015 0.984879
0.613202 2.703174
0.446007 1.047233
0.056272 2.118145
0.940152 3.976395
0.425315 2.953193
2.441855 2.509052
1.235527 1.967170
2.021377 5.073265
0.860169 1.704139
0.918449 2.357633
2.258247 3.060366
2.468534 3.957711
1.032941 2.301274
2.692478 3.330741
1.475729 2.664030
1.368530 5.741482
3.192001 4.254931
2.535685 1.608355
1.907260 0.843099
1.402260 0.064898
0.461618 4.165007
0.884785 0.859055
2.822000 4.223472
-1.021507 1.695421
0.363023 -0.338159
0.811197 4.581590
1.148275 2.804756
-0.783880 3.515882
1.529068 2.717810
1.729732 2.602403
0.059865 0.181501
0.740713 1.920096
-0.213545 1.574625
2.624550 0.800112
1.373512 2.161729
0.749108 2.090509
0.074544 0.583279
1.098660 2.592507
2.684280 1.237980
1.275259 1.378637
1.353289 2.316065
-0.200376 0.599345
1.166129 2.641046
1.776162 1.908130
-0.381435 0.152937
2.128279 3.796522
3.465440 4.026501
-0.557917 1.976881
-1.066648 1.872992
0.927401 3.299039
1.759111 3.690354
0.918336 2.003736
0.841527 1.325112
1.006498 1.856865
-0.064608 3.105229
-0.643915 -0.406578
2.581550 2.044152
1.292614 3.526475
-0.187609 2.525351
2.075937 1.882436
-0.297372 1.077720
0.878230 1.733016
1.740772 2.006068
0.159282 -1.652474
0.650529 1.259970
1.029632 2.423664
2.952373 6.219316
1.459024 0.294637
0.600688 0.959602
