3.424461 3.908787
1.959401 2.135421
0.684228 2.636028
1.428623 3.000008
-0.035985 -1.409827
2.877865 1.183420
1.940704 0.564070
1.787346 2.925263
0.124126 3.506956
1.319949 1.727640
0.441706 2.795455
0.688571 2.565967
0.429990 0.323816
-0.025734 2.012933
0.091254 0.550964
0.790103 3.900884
-0.698864 1.107487
1.607601 4.468024
0.882202 1.378801
1.699160 3.129327
1.269649 2.051759
1.494287 -0.427657
-0.483121 -0.040798
-0.020264 2.300144
0.553005 1.703895
1.109659 0.574886
2.128736 1.735747
0.710037 2.185099
2.261551 1.317135
1.475425 3.527450
2.174117 1.739479
1.126947 4.456374
0.343184 0.243063
-0.481399 1.522803
1.155489 0.065615
1.818551 1.452002
0.707412 1.068910
0.459214 2.260525
0.691358 3.092004
-0.096593 1.849209
0.506990 1.259969
0.819261 2.988420
1.045841 3.079749
0.936217 2.127125
1.611335 3.061357
1.109318 2.600737
2.814015 1.601380
1.312024 3.160826
2.804494 2.032851
0.276879 0.839530
