0.614527 1.401690
0.057722 1.821898
0.326227 2.820074
-0.924244 0.385902
0.887582 1.305821
0.481491 1.397865
1.534983 2.548730
1.057408 4.723318
2.065817 1.378177
2.620737 4.582925
1.121854 1.775937
-0.238041 2.568785
1.244126 2.201047
2.398258 1.992433
0.904527 1.609374
1.387623 3.462283
0.033685 3.192643
2.509186 4.025905
1.403831 1.456129
0.577859 0.083976
-0.674024 1.693286
0.312370 2.354637
-0.027185 -1.837385
0.507442 1.785776
1.346808 4.945570
1.829352 2.165398
1.155633 1.225630
1.083714 0.708707
1.374617 -0.208366
3.653202 2.679133
1.332714 2.565110
1.140771 0.768799
2.577835 3.124222
1.089548 3.087158
0.327016 0.878651
1.931893 3.117071
0.642110 2.569121
1.202102 2.044424
1.876250 5.026263
1.807948 0.721009
-0.603334 1.562211
-1.362052 -0.406993
0.298300 0.694349
2.651903 3.409305
1.235073 3.563300
0.848247 2.149149
0.844111 3.648210
2.038165 1.288634
1.330484 2.612583
1.475807 1.535597
-1.090502 -0.047140
0.825965 -1.568244
1.019188 3.015221
0.139973 4.050180
0.977051 2.649488
0.397683 3.519546
1.869902 2.512975
0.429188 0.086902
2.304680 1.498168
0.957356 0.916851
1.895531 3.906072
3.284856 2.506970
1.066827 2.154380
2.494589 0.983705
-0.072464 1.221596
2.823345 0.760853
-0.208429 0.466566
0.934608 2.972018
0.673164 4.098241
-0.149151 2.067603
-0.308042 1.474613
1.646383 3.742983
-0.389204 2.268477
-0.340683 -1.909893
2.128872 0.194416
1.001696 0.898422
1.379684 1.034167
0.098668 -0.567572
0.803206 1.004358
1.306942 0.921640
1.167457 3.539185
2.788079 2.087118
0.375918 -0.000052
0.850039 1.374351
1.832215 1.509981
1.948091 2.820851
-0.973738 0.707169
0.608121 -0.161093
0.323289 2.429340
0.983979 1.510527
1.515175 1.463822
1.444830 1.095594
2.140898 3.620664
1.447681 2.079740
1.315440 0.103542
1.945592 5.344487
1.428663 1.762310
-0.324607 1.696272
1.109822 2.524303
-0.654722 -0.555732
2.110672 4.170756
-1.107862 1.278266
0.450163 1.915117
1.094261 3.833859
0.961780 2.191353
2.882927 0.663095
1.055461 2.006485
0.386110 3.236842
1.587017 3.897671
-0.206709 1.746779
1.545331 0.032410
1.250930 3.575922
0.607253 1.727714
0.377958 1.942829
-0.190477 3.099726
-0.878467 1.593564
0.575992 -3.136027
1.777242 0.187705
0.286074 0.547685
2.584640 1.084100
0.111689 1.758858
3.140830 3.271439
0.307822 0.737008
1.099297 3.596696
2.434978 1.674954
2.233401 2.159524
0.242355 0.738320
1.738578 1.183380
-0.114361 1.515071
-0.705869 -0.697230
1.661162 1.917590
-0.729642 2.233595
-1.138074 2.007493
0.939952 -0.604442
2.385691 3.230884
2.217816 2.003052
-0.495051 1.848478
1.037283 2.246333
1.802871 1.983301
1.973854 2.469311
2.560734 3.584546
2.586250 3.753565
1.856298 1.436403
-0.424483 -0.468165
1.039702 1.465497
-0.379912 2.659374
2.233071 3.070034
2.742076 3.392250
-1.001495 0.413836
1.835497 1.404876
0.657182 4.576247
0.522038 1.621899
0.110899 1.511467
2.263429 2.269648
1.383201 2.283825
0.881133 1.517895
1.417247 0.827254
2.013222 3.158713
0.130483 3.469903
0.205320 1.847218
1.688502 1.359834
2.585673 2.867484
2.250179 3.974824
0.884396 4.301075
-0.331770 -0.524848
-1.342806 0.979418
0.073437 0.963537
2.129568 3.285224
0.450872 1.948892
1.283732 1.363184
1.212779 -0.284296
-1.202763 -0.707585
2.251073 1.823344
3.024705 2.650279
0.961103 3.535914
1.998584 1.712747
0.242666 2.113488
1.596145 3.496365
3.123217 3.368070
2.311725 2.768040
0.300058 0.842351
-0.019613 2.603155
1.053115 4.181016
0.762981 2.510568
0.937264 2.375170
2.271109 2.946920
1.221138 3.478474
2.664023 2.394275
0.957040 1.300952
0.866765 2.636972
1.793200 1.991163
1.426273 3.392908
0.790098 -0.041467
-0.588159 2.960538
-0.116381 0.475291
1.616855 2.623999
1.543464 1.652786
-0.467896 2.210017
1.119908 0.184783
1.529355 0.852781
-0.175244 3.571813
0.001785 0.210574
2.194042 1.673176
-0.753697 1.205589
1.446529 1.166677
1.978060 2.683105
-0.791257 2.659975
0.869811 2.025766
-0.175237 3.695911
1.089962 0.127155
0.577834 1.412370
-0.650934 0.018285
1.617969 2.796464
1.596160 0.629050
0.381563 -0.636943
1.527875 1.743342
-0.344318 -1.073228
-0.234765 0.194536
-0.153440 0.699267
0.890672 -0.264385
0.475805 2.483898
2.911298 3.359936
0.928894 1.134807
1.561835 0.439026
1.574072 1.922854
1.371734 1.963822
1.191694 -0.778692
2.244085 4.351593
-0.164160 1.994072
2.635270 0.497912
1.686330 4.959918
-0.149487 1.222134
2.110157 0.605966
2.182564 1.366240
2.707328 3.201193
0.579685 -0.114827
2.639378 2.193248
1.263469 1.997455
-0.463483 0.706077
0.223829 1.881340
1.929488 1.522839
2.792958 2.565077
-0.183152 1.660733
0.888824 -0.992487
0.343234 -0.865932
2.879734 1.528255
0.103919 1.657596
2.331506 2.934025
0.375427 0.720531
1.776679 4.124526
-0.324254 2.836697
2.500277 2.515848
-1.202903 5.297819
1.322515 1.677998
1.421004 3.511408
0.179299 1.506280
0.033541 -0.764994
1.609348 4.791461
-0.036211 0.074948
0.971762 2.083418
-1.819767 3.131116
-1.081050 1.809729
0.955247 2.468406
2.117955 2.366605
-0.649504 1.499620
1.678667 4.839791
1.494323 1.637369
0.411531 1.412697
0.976075 1.385364
3.191313 2.550566
-0.400581 1.071538
1.480099 3.058743
1.207551 2.220465
1.322085 1.154704
0.994120 4.182399
1.281389 0.990362
0.748661 1.437204
-0.693459 1.259229
0.415984 -0.517356
1.234443 0.782332
1.258786 0.418039
1.603656 -1.222705
3.220965 5.932176
-0.654131 0.206768
1.680410 3.451499
1.135829 2.090660
0.962013 0.665885
0.306863 1.600001
0.872475 2.471664
1.680362 0.828381
1.426215 3.798051
-0.605669 2.780434
1.906211 2.324288
1.249514 2.937462
2.894228 1.335056
-0.112379 2.200329
0.277958 1.469241
-0.752187 3.251776
1.003612 0.735717
1.995144 5.158549
0.521031 1.787085
0.480899 2.329801
0.705340 3.770217
0.839450 3.378791
2.023516 1.353099
1.015895 0.797199
0.517343 0.548476
1.634675 3.739098
-0.364438 1.138269
1.598625 1.711015
0.793502 2.005911
3.139366 4.439876
0.351186 1.465402
1.423592 2.620938
1.117865 -1.004060
-0.080778 0.576480
1.875527 1.026804
-1.226282 0.041335
-0.946111 0.018956
-0.309595 0.786809
2.305623 2.002846
1.983970 3.362100
-0.251386 3.274066
0.820246 -0.120535
0.256594 3.947092
1.233242 3.813938
3.101345 3.174550
0.123334 3.651941
2.948789 3.298213
0.534728 0.417694
0.348083 3.166034
1.609631 5.258094
1.709124 1.330329
1.279796 0.815095
-0.467456 2.772136
0.308683 1.622656
0.132012 -0.238175
0.487492 3.379239
0.217914 1.405134
1.425789 1.160935
2.011540 1.736422
0.749333 1.216319
1.554236 3.517219
1.758881 0.850557
1.133843 2.687646
0.727439 3.192431
0.457372 0.591221
-0.163105 1.860800
0.726483 -0.324093
1.159504 3.001636
0.813292 0.422102
1.217904 3.175670
1.046238 2.596672
1.670325 1.790931
0.369499 -0.272932
0.881590 3.702319
1.242065 2.323039
0.623915 4.030816
1.280444 2.151553
-0.774452 -1.239809
1.458578 4.465037
1.461823 1.845440
0.998813 3.222273
0.647061 0.868097
0.567009 2.592885
-0.704774 2.252199
2.095717 3.888045
1.635772 2.978066
-0.087184 1.402420
-0.477265 1.452493
0.614751 2.207340
1.680837 1.363525
1.832649 3.144466
1.534598 0.859132
1.768025 -0.136566
2.754888 3.097790
-0.704312 1.409418
1.469508 2.526761
0.945696 4.318100
0.251125 3.256513
1.716764 4.823948
0.994487 2.288740
2.200114 3.802069
-0.034017 0.700947
0.152432 1.270658
1.433422 -0.095371
0.112476 1.648617
1.121233 3.286897
0.598095 0.399212
2.096678 2.254020
1.436675 1.260468
0.592995 0.727074
0.361310 2.874409
0.595119 1.886545
3.393862 4.175321
0.950377 2.500073
0.797424 3.136648
0.802466 -1.084767
2.516316 1.406017
-0.732208 0.906514
2.112473 3.016481
0.280719 3.159593
0.726634 1.017175
1.677404 1.538432
0.063549 1.154550
1.425717 3.132549
0.925457 2.103528
-0.398807 2.789760
1.192306 1.074983
1.580390 2.834074
1.637859 2.831132
0.434018 -0.457809
0.983862 2.384017
1.622323 4.612560
1.533436 0.682197
0.610659 0.962550
-0.271668 0.019122
1.272601 3.629917
1.317468 1.422535
2.498368 3.743137
-0.553801 -0.952713
0.645708 -0.588156
1.434228 3.536492
0.898522 2.734131
3.028768 3.384887
0.632788 3.095704
-1.363775 0.907527
1.729858 2.550006
-0.399021 0.143116
2.314887 2.670018
1.403825 0.746330
0.655834 0.649632
0.019936 0.878649
2.857345 3.112202
1.309538 4.275120
0.510897 2.254874
0.305117 2.189838
0.819607 2.628495
2.256283 4.220444
2.910744 3.723194
1.027193 2.097827
1.427129 1.640703
1.323365 2.951730
-0.648968 -1.051568
1.140338 2.125376
0.501957 2.998774
0.572227 1.484562
0.849126 2.687623
-1.890810 0.782699
0.265458 2.406649
1.756215 1.725312
1.120793 4.271268
0.484094 2.266714
0.659142 2.016109
-0.079992 -0.115010
0.302611 1.395794
0.417003 -0.203855
0.813875 1.525172
1.587961 0.667980
0.978959 1.904860
0.920239 2.161470
0.164485 0.941248
1.978620 4.649431
1.235478 3.928617
1.566048 4.153439
1.219290 2.891106
1.807711 3.435701
2.512527 1.886811
0.568367 1.958557
1.542561 0.786462
1.679300 2.656937
0.991233 3.506547
2.911941 1.499661
0.021384 1.234367
0.513871 -0.182508
1.077898 2.840983
1.026201 3.641335
0.777216 3.401253
0.520295 0.403319
1.824587 1.474329
0.939597 1.834655
0.193236 1.073919
2.712838 2.158530
1.912158 -0.883567
2.488842 3.586665
0.973252 1.676515
2.915824 3.875143
1.919677 2.809777
-0.808099 -2.844293
-0.265308 0.968746
1.583631 3.331708
0.883812 3.324530
0.856188 1.508452
2.074770 3.225962
2.702189 3.165914
1.391235 3.415143
1.127332 4.661270
3.250931 1.919750
0.989322 4.772616
0.549451 2.058435
0.404950 0.645452
0.264330 0.560187
1.081695 2.196640
0.139143 1.752159
-0.858410 1.614379
-0.284887 2.451584
1.436202 2.696444
2.091283 1.190342
2.202602 1.688306
3.312864 2.152517
-0.083979 0.676915
2.364534 3.152090
1.081680 2.491565
0.532218 1.465104
0.573620 0.465474
1.889625 2.013754
1.649750 3.114695
-0.806179 0.925458
2.024696 4.417739
1.825232 1.329983
0.763668 2.270996
0.018734 3.032489
0.230412 0.477182
-0.236123 1.307732
0.949785 0.367933
0.611336 0.573934
0.688055 -0.070553
1.221365 0.874126
0.702675 2.337668
-0.697195 0.833713
0.401291 2.471934
0.476653 3.097899
-0.715829 1.621703
1.885678 3.468704
-1.166645 1.915424
1.422127 5.329503
0.705191 2.854283
0.635749 -0.155855
1.647656 2.715093
0.696468 2.731134
0.773162 3.133598
0.128419 2.645182
2.125760 1.912149
1.991619 2.532442
1.686437 2.799869
1.531254 2.551020
1.726437 5.047327
1.694254 0.224550
1.394101 3.329007
1.631624 3.885303
0.290897 0.864159
1.029347 2.670364
1.550377 2.157450
0.274517 0.270163
1.000764 2.133559
0.812489 4.112977
2.241424 2.092690
1.472488 3.066375
2.094472 1.063843
1.622670 1.092095
2.009234 0.865514
0.905503 0.054842
1.115153 0.810734
0.371843 0.495806
1.387572 1.608991
4.074273 1.362940
1.097586 1.378289
0.954405 0.952082
1.858256 1.379119
-0.563619 0.799056
2.128228 4.114217
0.152428 1.569867
1.567507 2.840721
1.276597 4.235714
0.932975 2.872131
0.282722 1.812524
1.417312 3.645322
2.124560 5.512124
1.682643 1.657442
2.396092 3.820338
-0.388589 0.228892
1.019262 0.358067
-0.350353 0.428695
1.114636 1.959780
1.541632 -0.324311
0.232334 -0.498575
2.282825 2.565921
0.525144 2.557043
1.623431 3.350772
0.652303 2.404698
0.241676 1.382979
0.262835 2.332562
-0.451036 4.572213
2.520754 5.375457
-1.447237 0.697827
-0.290046 3.226095
-0.984574 0.186758
-0.342947 1.792594
-1.791839 0.795134
1.602186 3.310840
1.040443 0.413009
-0.030918 2.310356
-0.300976 1.572584
-0.317979 1.775917
0.721545 0.500047
-1.022093 0.468301
1.406730 0.160659
0.910174 0.984278
0.657738 0.545812
1.652226 1.863600
1.345745 2.396758
0.655314 2.949401
1.030786 0.601156
0.866652 2.321752
0.373963 3.124267
2.111440 3.827420
2.202166 0.491829
1.072382 3.004560
-0.026748 1.263368
-0.172970 3.240945
1.251004 3.354853
0.735378 1.406209
0.186809 1.949817
1.132017 2.741801
-0.184652 -1.848159
1.340421 1.357980
-0.592093 0.680826
-1.453763 -0.741248
0.791879 -1.057206
0.018070 2.620300
2.531119 1.953597
2.372670 4.236956
0.387882 0.426308
0.033263 2.777498
0.783605 2.822375
0.683918 2.582630
2.385317 1.319517
0.651705 1.589963
2.205511 1.981085
2.237243 1.348811
3.519724 2.671149
0.620550 -0.334336
0.524731 1.554153
2.675725 2.576650
0.261631 0.531020
-0.815503 1.935362
1.086728 0.656198
1.500258 1.921813
0.637019 2.512904
0.649308 2.106723
-0.362910 -1.852887
2.722804 1.839588
1.201372 1.563462
0.452313 0.994183
1.401812 0.411100
1.834395 2.360160
-0.048297 1.254097
1.225263 3.805374
0.517630 1.907267
2.650715 3.758622
1.158926 1.906964
-0.124685 -0.977205
0.888937 -0.004497
1.449051 1.230512
3.100583 2.476521
1.039567 2.782224
1.571573 1.181905
2.200726 1.768545
1.508772 2.592846
0.130238 0.821597
0.838935 0.294421
0.342175 0.938160
1.706752 1.453456
2.540317 3.684483
0.978058 2.282626
2.054762 3.249580
0.303242 1.043433
1.159301 4.879798
0.823530 2.056093
2.630259 1.598314
1.293964 0.396016
1.767713 2.514359
0.658813 1.291473
0.366597 -0.105086
1.394703 1.575844
0.181561 -0.562875
-0.361730 2.221888
0.697883 4.420226
2.599174 3.778830
0.607679 1.376316
1.220828 3.909057
0.406278 2.088136
-1.050393 -1.960651
1.000427 1.808890
2.693660 2.950940
0.668472 2.577980
-0.150145 1.207611
0.009328 3.057327
1.364190 0.424793
0.579669 5.043068
1.983622 4.280610
0.724235 1.535667
-1.085524 1.338248
0.560529 0.625825
1.711924 1.124688
2.026476 2.613982
2.284935 3.946379
2.000720 3.725133
2.073391 5.356405
2.894032 2.515980
2.534432 2.472197
1.175589 -1.529346
0.523882 1.353770
0.720251 2.053409
1.702630 2.401231
2.208175 1.747331
0.752441 0.173141
2.512670 2.212613
0.275053 4.548574
0.534669 0.538321
0.613049 1.810049
0.338050 0.137635
1.869901 3.975481
0.812914 2.946814
2.851537 3.137881
0.993871 1.934048
2.866280 4.889508
-1.429968 1.549335
1.361817 2.176236
1.283483 2.322533
2.935189 5.003479
1.261724 2.785472
2.779162 3.245249
2.892736 3.698519
0.379684 1.559419
-0.190657 0.098698
1.858194 2.915397
0.184923 -0.553639
0.842847 1.003152
0.428771 3.113912
1.100811 1.131565
1.596425 2.655538
1.712204 2.071327
1.135641 2.434861
0.053091 2.086916
0.153072 0.913877
1.292303 -0.664387
-1.184301 2.258708
-0.174445 0.674719
-0.565769 1.593875
0.672053 3.118641
1.485221 0.810728
3.364750 4.844129
0.995873 2.978406
-0.067638 1.628075
0.546451 1.298591
1.458221 3.823434
2.021847 3.100639
0.540925 2.474676
0.995390 5.560046
2.185862 3.326647
1.223739 3.668257
1.080392 1.973147
0.668932 4.218639
0.615372 1.681884
2.058004 1.212749
0.468340 1.712154
0.952730 -0.293752
-0.033819 3.146733
1.603745 0.735382
1.249176 2.497169
1.441544 3.430343
0.973074 2.625152
0.257902 2.123112
0.914685 0.813748
-0.284109 1.285120
0.661404 3.061507
3.307190 2.143472
2.672313 1.201482
1.867776 1.509639
1.438064 3.349351
1.826555 2.050062
1.389501 2.489581
1.931750 0.157676
2.205763 1.580786
-0.021258 0.564045
0.809011 0.229837
0.972849 3.539439
0.444881 3.098092
0.005816 -0.570324
2.272120 2.966605
1.667813 1.056601
0.089224 1.325351
-0.052678 1.534088
1.427199 4.475129
0.311162 2.145622
-0.198299 0.532445
0.752542 2.976087
0.155266 2.736473
1.849617 2.607773
3.306573 6.119480
-0.700953 0.928912
1.837503 1.811490
1.422432 2.933762
0.157444 -0.144062
1.961658 1.936434
0.111625 0.841357
-0.882250 2.866545
-0.123314 2.373416
1.578163 3.092822
1.410310 3.421957
2.002655 3.691113
1.490773 2.288668
2.260355 0.757175
-1.004813 -1.225976
0.695495 1.897727
0.636796 4.018952
0.942116 3.070367
2.067183 3.919509
0.323576 4.034785
1.252454 1.484471
-0.910667 0.206454
0.084643 2.999999
1.940145 1.521543
-0.743464 4.038623
2.414846 3.885598
0.515898 0.917352
1.527767 1.769786
-0.176278 2.102239
1.754809 3.320482
0.998589 3.544951
2.254061 3.076766
0.453256 0.384266
0.264645 1.755542
0.243922 -0.410248
2.974707 3.749618
0.670289 2.591911
-0.609013 1.389533
1.948567 1.249667
1.024952 3.696683
0.644128 3.128960
1.516817 1.316704
1.887479 0.678623
0.362822 3.009891
1.110898 2.860433
0.689345 1.892196
0.421900 2.048746
1.475525 3.160021
1.721367 1.790287
-0.370137 3.370565
2.110128 3.013640
1.148840 1.060455
0.763964 1.229206
-0.588481 3.196074
0.742788 1.011714
0.930440 0.562328
1.103799 3.579460
0.563499 2.204087
1.926095 5.378042
2.568029 2.429607
2.243630 3.465882
0.769451 1.859102
1.335604 2.739622
1.406721 0.100331
0.378201 2.019357
0.988513 3.003755
0.410281 1.697558
1.068756 1.558553
2.610037 2.839287
0.812966 -0.857344
0.269239 3.277457
2.377439 3.141331
1.873068 3.164900
0.474598 2.603387
0.263002 2.010917
2.410895 4.581758
1.031370 0.535478
1.185255 1.993825
1.349282 3.608796
0.370942 1.666224
2.088883 3.394952
3.353137 1.033683
-1.487824 1.217437
1.197966 3.532204
1.945361 -0.490719
0.204164 1.290354
1.089737 0.387078
1.170593 0.722475
0.400250 2.484373
1.706568 3.795553
2.214850 2.330334
1.223226 1.424748
1.369662 4.568979
0.453499 1.612817
2.118490 3.062745
0.909729 1.494603
1.440657 2.891462
2.174762 0.970605
0.702760 1.879907
0.805816 0.731226
1.090557 1.791785
0.776684 2.800484
-0.268929 3.957488
1.482404 1.643207
-0.441534 1.984663
0.695547 1.243146
-0.408391 1.414130
2.301448 6.331740
1.085390 2.282571
1.478953 1.449792
0.737163 3.194400
2.586840 4.016831
0.596018 -0.214984
2.151703 1.729098
2.153125 1.983894
0.474405 1.401633
1.429359 2.353461
1.126600 1.322011
3.114990 3.630884
0.005780 2.125642
-0.584549 0.093110
1.310851 2.652719
0.030392 0.031119
0.410851 2.796652
1.331433 1.882824
-0.298053 2.303477
2.071702 1.221616
1.421407 3.245013
2.422409 2.345737
0.688149 1.747979
1.913029 2.097058
-0.118910 2.328513
1.240834 4.505191
2.123422 3.747138
0.351790 1.714853
1.087371 1.054735
2.634679 2.928524
0.215494 0.288020
-0.110389 1.329243
1.933612 3.713051
0.976513 1.872507
-0.100679 3.027555
0.106290 0.894130
1.346269 2.751954
1.244884 2.559049
0.648422 -0.028003
1.229060 1.424146
1.564432 3.611598
0.269032 0.129362
0.680240 1.637392
0.274343 0.348361
2.339889 1.374186
-0.278693 0.141687
2.614101 3.895960
0.430231 1.723800
0.997968 2.493915
1.957539 1.744315
1.737782 2.204010
0.658606 2.936516
1.888577 0.741118
-0.179724 0.406720
2.381475 4.040834
2.160444 4.821739
1.018513 0.867366
1.403892 2.783060
1.979507 0.840289
0.672264 2.706190
1.545407 2.448815
1.687199 1.002481
1.371951 2.859275
-0.420532 2.962512
0.664334 1.623675
-0.976243 -0.176899
0.616989 0.329564
0.210142 -0.037786
0.903960 2.479087
1.377407 2.637678
1.830015 1.378432
0.856833 2.925903
1.040143 0.610437
2.013283 4.474238
2.296713 -0.166369
1.217592 1.746626
1.861256 3.427163
0.270099 1.651288
2.585622 2.857724
0.337227 0.995905
0.232466 4.216024
1.538124 1.660096
0.934667 2.890699
-0.586491 2.809096
2.077468 2.089275
1.695205 4.263981
2.647625 3.411051
1.294840 0.179243
1.704983 1.729052
-0.151450 1.232173
2.859465 3.773625
3.371459 4.128552
0.618680 2.731469
0.305219 -0.261590
2.000110 0.481675
-0.135279 3.212305
1.153609 3.166122
0.865181 2.477860
1.826630 4.458732
-0.968846 3.458861
1.123438 1.040067
1.261917 2.186391
-0.771095 1.684701
0.841160 2.079808
1.629176 2.582874
-0.275770 1.618957
0.699960 3.287379
1.196849 -1.537795
0.477416 1.730914
2.573180 2.455298
1.769435 1.764681
0.421242 1.901127
1.331623 2.872506
2.128817 2.187468
1.248219 2.148098
1.556922 0.095825
1.643141 0.847502
1.739145 1.875729
-0.322745 1.113235
0.323206 0.250125
0.647112 0.261710
-0.597429 2.012098
-0.401885 1.477419
1.357646 4.000295
1.358910 2.901399
1.924599 0.920308
1.365598 -0.752098
0.233218 1.800802
0.984276 1.691658
0.283488 2.375357
1.867158 3.642650
-0.510950 0.979707
1.859447 2.626550
1.498097 1.294782
1.773094 3.975708
0.421382 1.779329
1.197132 1.394016
0.958966 1.374329
-0.510849 3.649924
1.484784 2.914358
1.442595 2.777488
0.256895 2.074162
2.240029 3.221037
-0.765123 1.742173
0.589006 1.802938
0.609170 4.068806
0.286283 1.326407
0.336055 0.552264
1.483047 1.695505
0.126205 3.128019
1.068880 3.068295
0.574878 3.337799
0.871638 1.652521
2.932349 3.165845
0.458142 -0.671035
1.885521 3.693668
1.037869 1.876742
1.031480 2.089872
-0.902610 2.389422
2.020773 2.148749
1.154524 2.647211
0.565984 0.833368
1.037427 1.315156
0.890992 2.662048
2.832023 2.635863
-0.106846 -0.624584
0.438467 1.007705
1.262806 5.980322
2.854164 3.579031
1.257336 2.413216
2.111137 2.014493
1.752619 -0.030598
1.718946 2.538852
2.287539 -1.429316
3.291230 1.924096
1.147585 0.148846
0.709980 1.572829
1.187214 3.513869
0.696818 2.530946
-1.311344 0.257413
0.884049 -0.209683
1.167839 1.378605
0.633701 0.248478
0.783126 2.459714
2.236237 1.843415
1.082520 3.915436
0.970102 1.829776
0.338654 -0.339936
0.442756 1.826198
0.899097 2.898537
1.127927 1.407898
1.388609 3.011496
2.635242 3.266478
2.356565 3.186858
-0.197197 0.969417
2.756589 2.709437
0.014501 1.329632
3.571211 3.115644
1.199287 0.173889
0.561272 1.756472
-1.021303 -0.585452
0.602019 1.970267
2.542144 1.228010
0.587340 3.596439
0.549179 2.860638
-0.313010 0.630210
-0.173921 4.144265
0.421314 3.217885
1.360030 3.308953
-1.062284 -1.773134
1.667355 0.659242
0.518887 0.830413
1.804328 1.968666
0.995654 0.262808
0.557307 2.645243
1.502764 1.559899
1.505154 2.033811
3.025121 2.286903
-0.301203 1.232642
0.297969 3.464208
-0.223447 -1.033209
0.429876 0.443040
0.494606 1.124342
0.558572 2.513138
0.531073 0.412122
0.489613 1.050587
0.762868 2.812056
1.428235 0.589713
2.113711 3.942712
0.635041 2.270181
2.827429 3.667638
1.872757 2.416682
2.219669 1.290330
0.019799 -0.606076
-0.828187 1.288810
1.326944 3.110066
1.344328 3.130194
-0.700262 1.036041
-0.485874 3.437343
1.352062 2.420800
2.036450 1.985126
2.356346 2.817370
0.081737 0.726017
1.604622 3.211829
1.614244 4.366513
0.967925 3.359867
-0.051871 1.802484
-0.104477 -0.352412
1.740518 1.528022
-0.682067 1.692144
0.705070 1.751203
1.140475 3.899028
2.092969 3.420715
0.640850 -0.076174
-0.392487 2.141105
1.348040 3.058507
0.280339 3.956128
2.777480 3.001615
0.132058 1.913966
1.171005 0.001432
3.042415 2.412236
2.054110 0.551275
0.983084 1.795803
1.479165 1.208434
3.402745 1.497407
2.400644 2.694389
-0.328400 0.223658
1.184714 3.769474
2.064855 5.478979
-0.534850 1.434528
1.288671 2.517731
0.931836 -0.624729
1.288373 4.125053
0.194924 0.772218
-0.826985 1.603618
-0.072433 1.197491
2.874892 3.391936
0.870266 1.820847
0.048469 1.697124
2.467860 1.326315
1.918985 2.635031
0.137406 -0.400226
2.074952 2.393856
2.110396 2.796741
0.226241 1.244771
1.539885 2.700829
0.629260 2.985369
2.250801 0.516739
-0.262066 -0.556294
0.591466 0.975847
1.820790 2.976861
0.920466 2.417555
1.576393 1.818125
2.737545 3.636179
0.573641 4.536778
-0.095825 0.024640
2.562285 1.661877
0.562600 -0.639557
1.318284 2.335892
0.418037 2.760432
-0.568796 0.724153
0.052665 2.968332
2.312238 2.349793
0.584858 2.114819
0.849817 3.266150
1.300038 2.927755
2.176818 3.006021
1.152397 3.963250
0.741511 0.661570
0.147529 0.958961
1.582815 2.683244
-1.088307 0.483524
-0.174982 0.666597
1.736325 3.321138
1.446869 1.551897
-0.276840 1.884197
1.537017 2.025931
1.469469 1.658222
-0.184301 2.012740
0.928223 2.349198
2.602089 0.190075
0.506479 1.304710
-0.347546 -0.100644
1.158755 2.227402
0.439845 0.770805
0.641295 1.801917
1.410164 3.863410
0.945167 4.223791
0.618559 2.865656
-0.031727 -0.629977
0.179749 3.530796
-0.023511 2.910431
0.394835 2.032685
2.760523 6.095474
1.147654 1.464045
0.450645 4.098143
0.872136 0.472307
1.245328 1.597176
1.276074 0.586893
1.318718 2.903628
2.090540 3.026721
0.656118 0.966579
1.355116 0.316310
0.381385 -1.877915
-0.858950 -0.190997
0.428064 -0.183672
2.417977 3.583520
0.645405 3.248005
2.021880 -0.137672
1.601820 -0.010667
0.402749 1.067786
2.913355 4.209887
1.873432 4.094541
1.902577 4.396542
0.090366 1.020808
0.352925 0.806521
1.646443 0.955691
2.199753 3.328688
0.973620 2.998544
2.711935 0.831775
0.872201 1.751127
1.718055 1.656173
1.003367 2.798264
2.093951 4.060199
0.672921 3.423266
0.968615 2.629197
-0.508315 0.691931
1.302254 1.519248
1.089736 0.491368
1.528095 3.804335
1.338199 0.980684
0.330665 -0.910758
1.664038 1.237985
3.610158 5.224645
0.358536 2.013733
1.932285 1.980967
0.422234 1.981378
0.091574 2.059644
-0.122812 2.017943
1.575368 2.049193
1.033244 5.038629
1.873699 3.836760
0.809986 -1.371699
-0.175362 0.153717
0.801652 1.857844
0.926232 2.620821
1.612400 1.929510
-0.210433 1.334110
-0.843127 0.648614
1.458842 0.488033
0.223454 4.429136
0.509227 1.495167
1.550383 5.350424
1.018332 0.831517
1.164924 1.742238
2.184304 0.860718
2.065906 1.401096
1.003593 3.195080
0.468328 2.733947
-0.193788 0.244965
1.315765 2.357584
3.313077 2.573951
2.047078 3.618412
1.224957 1.094758
-0.097890 3.509153
-0.225862 -0.663853
0.469975 2.119609
-2.742182 -1.872634
1.417388 1.248745
2.243494 1.198851
1.110584 4.104185
0.672916 1.621463
2.352896 3.107468
0.572257 -0.121337
0.420627 0.440254
1.925968 2.922786
1.005510 1.866343
0.365509 2.556688
1.858327 3.959876
0.519224 0.543374
2.489707 1.460971
0.370609 2.288665
0.406049 1.543201
0.371306 1.702716
1.356252 1.006635
2.305086 1.397682
1.365674 2.773893
1.772078 4.449919
2.255326 2.169266
0.871665 3.401804
1.948623 4.286270
0.875500 3.355871
3.099941 5.056000
1.260282 2.604763
0.454521 -0.408182
1.100432 0.960472
0.267096 1.429085
-0.524158 -0.682827
1.349780 1.481432
1.232859 3.802695
1.654001 1.294532
0.155045 1.846040
0.194885 1.969545
0.509249 4.195657
-0.005710 1.164014
3.691354 4.199409
1.371534 0.556846
0.346874 0.513087
1.424323 2.644146
2.229528 3.308418
1.677597 1.714179
1.916650 2.821764
1.480745 1.350432
-0.507145 2.006088
0.240107 0.690935
2.059843 2.862359
0.801915 2.367156
1.259201 4.025124
1.554925 0.809793
-0.021422 1.772065
1.190113 -0.188765
0.565212 1.950390
-0.474167 2.300463
1.393233 0.784866
0.155919 1.306579
0.497166 3.373891
-0.339220 3.520794
0.397036 1.701229
1.439532 4.185329
2.571506 2.576008
-0.131549 0.278118
1.345319 2.035291
1.523388 -0.043550
2.043964 1.428950
2.259869 1.808133
-0.105880 3.270549
1.061373 2.325099
2.230694 5.319493
1.545106 2.861410
2.399976 3.167805
2.216488 2.312273
3.343800 1.992502
-1.620023 0.914178
0.668149 1.336490
0.661366 -0.229369
-0.423623 1.969386
0.478763 1.521119
2.422233 3.057707
1.059293 1.341228
1.960585 3.386987
2.634907 2.025663
0.709731 2.325526
0.590383 2.679126
-0.317120 1.175617
0.722703 0.643818
0.285307 1.958345
0.780715 3.315350
0.774417 -0.994065
0.271636 1.786632
-0.144683 1.614366
0.622313 2.274101
1.014626 1.506372
0.104329 1.999536
1.352239 1.443130
0.855872 2.265662
0.739344 3.388517
1.911733 2.335790
3.306182 1.725415
1.847643 2.287074
1.642691 2.895600
1.004720 1.644887
1.129787 4.262560
1.581429 1.707102
0.447020 1.161185
-0.492559 3.409566
1.429112 2.609620
0.298134 2.357215
1.393717 3.961092
0.169458 0.718002
-0.253417 1.127633
-0.403430 2.448514
1.281101 1.086669
2.954539 3.293254
1.200438 0.561168
1.490504 2.919015
1.143809 5.029403
1.230096 1.900031
3.365475 2.650589
0.218732 3.806775
0.841111 0.679692
0.326291 1.164961
1.714048 2.313647
1.255189 2.930574
0.672738 0.395701
1.742107 1.090806
-0.005704 1.899885
1.119421 1.809500
1.200442 -0.116927
2.573851 0.506818
1.538628 -0.022072
1.033061 2.042736
-0.341746 1.928566
-0.470908 2.146994
1.590631 0.890438
0.299816 -1.010182
0.758809 2.662853
0.130583 1.453898
1.181603 2.067325
1.227880 1.576727
2.744720 2.460200
2.817874 5.424722
2.061633 2.327292
2.083985 3.217702
-0.169672 -1.457193
2.275773 0.670319
0.058428 0.495117
-0.599450 1.394463
4.166253 4.061555
1.318667 5.479468
0.337063 -0.656202
1.007926 -0.282160
1.069009 1.662537
-1.070028 -0.185155
0.284450 0.268306
1.529319 3.525220
1.035540 1.453328
-0.662895 1.788348
0.508508 2.023387
0.849933 -0.192501
1.081332 3.053805
-0.678777 0.821551
1.255336 1.251719
2.529051 2.561879
-0.592727 1.723983
1.438790 3.681118
2.343651 2.806878
1.380348 -0.091362
1.589064 3.398243
0.524962 1.039559
0.814811 4.348382
-0.144715 2.234641
0.878494 2.804602
0.447382 1.272555
0.341967 0.555469
2.447251 1.758058
0.882943 0.226212
1.629935 1.225345
1.375307 3.751196
-0.014887 0.701134
-0.889858 0.976265
-0.433756 3.343349
1.275941 1.478239
0.698792 1.582906
1.759503 3.294305
0.620053 2.073822
-0.322303 1.950813
1.096332 1.547644
2.101048 2.316515
1.265419 4.275637
0.814045 4.581204
0.579067 1.744081
2.268122 1.610072
1.914307 2.337000
0.570349 1.021314
-0.346394 0.376248
0.086450 -1.068634
1.333327 0.116083
-0.092589 1.414846
0.613049 0.950502
0.877565 3.687998
0.340222 -0.778804
0.375523 0.459220
0.773688 2.551932
0.449159 2.345014
-0.342265 0.746522
1.736589 1.040880
0.080451 -1.596638
2.035039 1.888062
0.656593 2.449440
0.692117 1.686035
2.295571 0.836510
1.261089 3.394891
0.597728 2.773777
0.173044 1.334692
0.482783 1.850137
1.399909 2.297384
1.847134 2.659543
1.048011 3.045057
0.507077 1.276877
1.335437 4.269756
1.671214 0.821256
0.578338 1.363267
2.443127 1.662106
0.635719 0.937165
1.898288 0.263838
1.968344 4.026297
1.056627 2.129225
0.915334 1.789769
1.872010 2.563286
-0.803655 0.157931
1.033740 1.527467
1.069139 3.221683
1.365587 2.094733
0.115140 2.233589
-0.410175 2.161879
-1.638380 2.040938
1.545102 1.564849
2.078006 1.553117
0.555670 2.279795
3.379327 1.942417
0.359025 3.234678
-0.311282 -0.075534
0.854312 3.371227
1.105785 4.204482
1.682352 0.636656
1.121040 3.624309
0.236379 2.304742
-0.523023 1.391489
0.413307 1.391855
-0.363744 1.072468
1.723595 3.529790
0.896372 1.092681
-0.853006 0.266813
1.365595 6.270898
0.077592 3.644147
2.350378 4.113492
1.052198 3.293425
1.229233 2.081050
0.212621 -0.694898
1.523016 2.008802
1.064903 3.039740
1.216167 2.996470
0.679727 3.962331
1.643380 3.938460
-1.439206 1.380754
1.165680 1.352974
2.048207 2.150164
0.809333 2.580150
1.578134 1.665982
0.404505 1.113894
1.172748 4.010328
0.416023 1.531036
2.145026 0.480732
1.469943 -0.665766
2.375927 3.012324
0.958240 1.345383
0.940691 1.444608
1.313304 1.971953
2.448391 2.773449
-1.390148 -0.543222
-0.676554 1.128192
2.266753 -0.271214
2.893535 1.711368
0.795226 1.376182
2.353813 3.043857
3.170193 3.452610
1.189696 3.770608
0.544473 3.997740
0.522806 2.350030
0.743870 0.778480
1.798674 3.104773
0.829353 3.571832
3.037309 4.511190
0.660319 1.965726
0.284144 -0.283511
1.544520 0.567451
1.235311 1.633344
1.462526 2.919979
-1.093876 0.173349
0.849997 -0.150368
-0.833525 2.830743
1.185339 1.493987
1.764989 3.705864
2.179579 3.168024
1.752968 0.649791
1.484078 2.314986
1.775438 3.279160
0.943339 1.064532
0.961499 1.062255
2.020447 2.933975
2.087284 1.170699
0.529170 0.862792
-0.797280 2.855240
-1.295323 0.397495
-0.622579 1.790166
-0.000072 0.853326
1.447118 0.181486
0.224159 0.979159
0.914666 1.214492
1.369391 2.450700
-0.386211 0.641426
0.149750 2.911498
0.250618 -1.094268
0.198211 2.113691
0.560751 1.076312
1.787179 3.669632
0.492529 1.836543
1.694311 4.505896
1.340327 1.629748
1.191856 1.675900
1.975032 3.116217
3.140161 4.463710
2.467333 1.135719
-0.584034 -2.297698
1.529912 2.013062
-0.246844 1.705854
-1.010796 3.009588
-0.210709 1.049776
-1.181912 1.030503
-0.131275 2.321315
2.354297 1.858981
0.523513 0.420365
3.680722 3.036204
1.390817 -0.154871
2.003997 3.170772
0.854006 0.556037
0.720422 -0.197666
0.216632 1.685758
1.160817 2.713270
-0.482935 0.948276
0.149934 2.277284
-0.069225 2.463073
1.168338 2.986194
2.515902 2.482898
3.157529 3.429786
-0.755702 0.391564
1.346747 4.170511
0.345899 0.720515
-0.081478 -0.065432
1.103380 1.223336
0.528136 0.845646
1.051119 0.334197
1.768506 0.695014
0.064519 3.819958
0.847289 2.012454
-0.700357 -0.072207
0.616747 3.220024
1.988852 1.226521
-0.745698 3.156756
1.390851 1.809637
-0.352000 0.307167
1.218994 3.856090
0.549708 1.037080
0.721471 1.872568
-0.603889 2.159999
0.088931 1.928603
0.806979 1.058106
1.071679 -0.750524
0.808687 0.869716
0.358770 2.582244
2.328555 4.088243
0.805537 2.227711
0.224103 2.838507
0.241353 2.047720
0.924401 3.883351
1.929004 4.447667
0.575432 1.016063
1.871566 2.462453
1.226524 2.908676
0.436674 3.416016
0.182778 1.786714
1.177344 1.407613
0.896673 1.908777
0.095009 -0.215856
0.205657 0.898793
1.539128 1.132508
1.521664 2.501999
0.688600 1.521344
1.826128 3.928635
0.650059 2.084885
0.884497 0.442723
2.234822 3.198498
0.460079 0.413497
-1.042955 1.252776
-0.288880 4.590334
1.290849 1.566478
0.784208 2.158882
3.751340 4.891437
-0.415077 -0.050379
0.756131 3.537379
1.040251 1.489880
-0.373829 2.414637
2.079187 1.833446
1.743931 4.661480
2.542861 4.349881
1.687522 1.436101
-2.550168 2.644733
0.032947 1.146810
1.311790 3.222937
0.184931 1.827775
1.283370 2.135240
0.933762 4.653635
0.452503 -0.309148
1.068056 0.026636
1.512974 3.330504
2.143096 -0.290578
0.106055 2.639975
0.428228 3.443134
0.279357 -0.326647
1.847896 2.380920
2.572627 1.994225
2.055721 3.761679
2.341014 1.832772
1.249275 3.187950
0.198294 0.588067
1.679748 3.765138
2.726380 3.356376
1.506060 0.684247
1.929211 0.941849
-0.543498 1.303190
1.571056 -0.331185
0.846078 3.134459
1.553329 4.229836
2.276784 3.513273
0.360588 0.162328
2.505935 3.071100
0.056606 4.488511
1.040832 3.684171
1.306956 2.875500
2.066823 3.689755
0.676854 3.615597
0.064126 1.786155
2.416614 2.567400
1.362643 1.824441
-0.913678 1.256847
1.319922 1.852686
-0.700587 0.138876
1.790916 1.165635
2.387167 3.497716
0.817222 1.161040
0.091607 0.300741
2.226930 0.799357
0.489297 -0.072407
0.181528 2.499062
-0.261771 0.887516
-0.467648 2.085104
1.275779 3.745719
0.668254 1.481144
1.788484 3.353926
0.943306 5.802637
0.790314 1.451508
-0.721466 1.731399
0.224536 1.208165
1.104430 3.529798
0.571855 1.256482
2.275047 2.085682
-0.831431 1.961324
0.818802 1.880625
1.114576 1.151598
0.277642 -1.227608
1.112003 0.193565
2.661267 2.115411
-0.050389 2.517646
0.649118 2.749152
-0.419081 2.012997
1.727938 3.723652
-0.206055 1.133230
0.141806 2.075674
2.422953 2.629651
1.823420 3.005987
0.244030 1.376622
2.016543 3.874504
0.340904 -0.395466
1.106027 5.177546
2.834367 2.559669
3.257163 1.498659
0.556848 0.263693
0.969989 1.930401
2.039091 4.241665
1.607512 1.055880
0.766978 2.437805
0.790530 0.802871
0.215972 2.870898
-1.271980 0.134218
0.843348 0.866661
-0.197869 4.280181
0.772060 2.255742
3.468299 4.964744
1.033886 3.283584
2.509528 3.032923
-0.110714 3.235024
2.275573 2.486870
-0.673614 1.885556
0.720074 -0.195417
1.290753 0.528872
1.620103 3.322350
0.875738 1.469436
-0.082224 0.916283
-0.217676 1.899466
0.277843 -1.838986
-0.019166 1.013781
0.420914 0.281920
0.049476 2.149571
2.242057 2.661440
1.269916 0.108310
1.283467 2.010309
0.161016 1.281825
1.276812 2.832040
1.323012 1.333783
0.063951 -0.253233
-0.189174 1.305436
-0.934935 1.695686
1.872793 2.913817
-0.012148 2.367812
1.046738 0.784168
1.083111 0.914572
1.091216 1.160431
0.361795 2.497449
0.773649 2.262046
0.693085 2.310840
2.349571 4.020817
-0.156184 2.318363
0.794088 1.666649
2.066402 2.746985
1.421068 5.158009
-0.088209 3.363054
1.793152 1.803219
-1.701836 -1.817588
0.507410 1.234581
2.567747 2.961444
1.498461 -0.393392
1.791608 4.119354
0.907047 3.831120
0.619784 1.794478
1.695916 1.829164
3.317060 4.152546
0.731601 2.832924
2.437021 2.549063
0.460697 0.994391
0.569928 2.125718
1.650735 4.787888
0.097947 -0.375845
1.942276 4.743883
-0.683267 -1.270738
-1.420748 -0.317534
0.841079 2.680497
1.328882 3.632183
2.275404 1.495416
1.119668 1.816689
1.954429 1.397508
1.240560 0.081442
1.679497 3.849096
0.031230 0.878829
0.923593 2.002249
0.402210 4.496373
0.763011 2.333629
3.296650 3.113661
-0.404156 2.250760
1.034177 2.335002
0.679099 0.243619
1.379383 3.161047
2.792679 2.907453
1.912315 2.338429
0.343086 2.679464
-0.433766 1.541761
1.847993 1.699117
0.007882 -0.093303
0.284737 2.503808
1.465350 3.274370
-0.522448 1.507634
2.556247 2.899477
1.102821 1.932693
0.765911 1.726451
1.807825 2.126041
1.806213 4.299570
0.750829 3.410758
2.102333 2.057926
1.367311 3.162217
2.100003 1.783025
1.263475 1.183485
0.808907 1.742719
2.748746 3.148570
0.216794 0.860355
1.633085 0.412634
3.022390 4.069951
0.586652 1.203156
1.634636 2.347688
1.319553 2.933300
0.651754 1.936185
0.996446 2.028198
1.617785 2.781810
3.328480 3.890123
1.886428 1.680587
0.755915 2.343625
-0.973122 1.816066
1.249060 2.591175
1.260978 0.116152
0.208519 3.122145
2.009333 1.128475
1.390873 4.768769
1.586900 1.418479
0.513813 1.466458
0.316146 3.099133
0.532575 -0.030366
-0.110581 2.058226
0.477459 2.711939
1.726842 3.075049
-1.255347 -0.089564
-0.771972 1.716134
1.026590 0.717479
1.328493 2.559528
0.051170 0.795652
1.536442 2.518623
2.259022 1.550336
1.683743 2.888390
-0.563395 0.567508
0.269436 0.507788
0.146189 -1.345797
0.661247 2.453105
0.328715 3.964131
0.158385 0.844513
2.909913 4.858396
0.667031 1.589186
0.847573 0.849304
1.286362 2.252500
-0.732222 0.593805
-0.141633 2.347803
1.469865 1.098212
1.351390 2.346877
-0.161018 1.800176
2.125658 2.731158
0.933261 2.345683
1.141691 1.510503
1.109284 0.098163
0.450028 2.172246
-0.831281 -0.166587
0.869123 3.407748
-0.564971 0.810061
0.835333 3.058958
1.207346 4.384659
1.197962 1.650058
-0.386272 0.510781
1.366600 3.653956
-0.210466 1.813985
1.251672 2.175157
1.603201 2.489742
2.598406 1.821577
-1.050804 2.363412
1.829262 1.806253
0.837845 3.387459
0.924690 1.319229
0.437596 3.644803
1.234155 2.510144
0.741381 -2.233801
0.381237 1.449069
0.461394 3.397477
1.616282 1.886320
1.491627 1.385098
2.100620 3.144065
1.362945 4.118162
0.854106 2.908530
-0.138372 1.580675
1.314784 2.838959
